COMISIÓN NACIONAL DEL AGUA
COORDINACIÓN GENERAL DEL SERVICIO METEOROLÓGICO NACIONAL
BASE DE DATOS CLIMATOLÓGICA NACIONAL 

ESTADÍSTICA MENSUAL
EMISIÓN   : 28/08/2026 

DATOS DISPONIBLES EN LA BASE DE DATOS A: AUGUST DE 2026; 
CON LA INFORMACIÓN SUMINISTRADA POR LAS UNIDADES ADMINISTRATIVAS 

 ESTACIÓN   : 9032 
 NOMBRE     : MILPA ALTA 
 ESTADO     : CIUDAD DE MÉXICO 
 MUNICIPIO  : MILPA ALTA 
 SITUACIÓN  : OPERANDO 
 U. ADMNVA. : ORGANISMO DE CUENCA AGUAS DEL VALLE DE MÉXICO 
 CVE-OMM    :   
 LATITUD    : 19.19055556 ° 
 LONGITUD   : -99.02194444 ° 
 ALTITUD    : 2420 msnm 


LLUVIA MÁXIMA 24 H.
AÑO	ENE	FEB	MAR	ABR	MAY	JUN	JUL	AGO	SEP	OCT	NOV	DIC	ACUM	PROM	MESES
1929										10	0	3	13	4.3	3
1930						33	20	20.5	22	40	1	0	136.5	19.5	7
1931	9	0	2	0	40	30	23	36.5	27.8	8	0	10	186.3	15.5	12
1932	0	2	5.5	6									13.5	3.4	4
1941								20	37.1	15.1	5	20.9	98.1	19.6	5
1942	9.5	0	0	35	0	20	20.5	21	30.5	10.5	23	6.5	176.5	14.7	12
1943	0	3.5	15	12	0	40	20	27	33	35	6.5	12.5	204.5	17	12
1944	0	0	35	0	0	18	20	34		35	20	0	162	14.7	11
1945	0	0	35	0	15	20	30	20	30				150	16.7	9
1955	1.5	0	15	0	31	10.5	32	60.5	58.5	35	16	8.5	268.5	22.4	12
1956	0.01	14.5	0.01	11.5	16.5	23.5	38.5	39.5	16.5	9.5	17.5	0.01	187.53	15.6	12
1957	0	7.5	1.5	9.5	19.5	24.5	35.5	18.5	15.5	25.5	4.5	4.5	166.5	13.9	12
1958	44.5	12.5	0	16.5	43.5	15.5	29	17	20	16.5	23	34	272	22.7	12
1959	22	0.01	1	16.5	9.5	28.5	30	16	11.5	25.5	0	0	160.51	13.4	12
1960	3.5	0	1.5	5.5	11.5	8.5	17.5	43.5	27.5	26	0	4	149	12.4	12
1961	7	1	1	3	13	32.5	31.5	50	21.5	4	3.5	3	171	14.2	12
1962	0	0.01	2	25	6.5	21	31.5	34.5	26.5	19.5	0.01	6	172.52	14.4	12
1963	0	0	24	13	21	20	52.8	21	24.5		2	0	178.3	16.2	11
1964	12.7	0	1	9.6	85.5	27.5	18.3	11.8	28.2	9.5	23	1.4	228.5	19	12
1965	17	23.5	0		11.5	39	16.5	27.5	19.5	15	1.5	7	178	16.2	11
1966	13	1	21	15.5	15.9	17.2	22	38.2	14.7	10.4	0	2.6	171.5	14.3	12
1967	64	0	13.6	9	56	24.5	29.6	28	40	30.5	20	0.2	315.4	26.3	12
1968	3.3	6.6	1.8	35	16.1	33.4	17.7	17.7	10.2	21.8	2.2	9.5	175.3	14.6	12
1969	8.2	2.5	17	5	7.6	29.1	55.7	31.5	20	3.8		0.5	180.9	16.4	11
1970	1.1	1.9	0	9.8	29.4	61	23.8	41.6	23.6	4.1	0	0	196.3	16.4	12
1971	0	0.4	8	6.2	30.4	19.6	25.7	23	15.4	29.5	1.2	15.6	175	14.6	12
1972	13	2	3.2	5.7	40.8	29	40	28.5	22	11	4	2.7	201.9	16.8	12
1973	0	3	0.5	14.2	17.7	39	26	16.5	15.1	18.6	9.1	0.3	160	13.3	12
1974	0.2	6.6	9.5	6.5	29.5	24.3	29.1	25.6	29	9	5.8	0	175.1	14.6	12
1975	13.3	3.2	0	21.2	19.8	22.8	19.4	26.5	14.3	10.3	0.2	0	151	12.6	12
1976	1.5	3.5	14.7	6.7	46.4	15	21	31.7	32.9	51.5	13.3	5.3	243.5	20.3	12
1977	1.5	6.3	0	5.9	37	21	27	15.5	22.5	21.7	9	6.3	173.7	14.5	12
1978	4.4	8.5	28	3	21.5	33	23	21.5	23.5	31.5	8.5	0	206.4	17.2	12
1979	0	11	0	15.8	33	26.1	42	33	30.8	0.6	0	17.9	210.2	17.5	12
1980	40	0.3	1.5	14	10	20.5	23.2	23.2	23.6	9.1	14	0	179.4	14.9	12
1981	29.5	12.3	4	20	14.5	21.5	15.5	22.2	16.2	16.9	3.3	3.7	179.6	15	12
1982	0	8.8	12.4	21	20	20.5	27	21.5	4	6.5	0	0.4	142.1	11.8	12
1983	13.4	12.2	9	0	7	26.3	30	23.5	15	15.1	9.2	1.8	162.5	13.5	12
1984	4.8	4.5	1.4	0.9	9.8	17.7	25.4	49.9	36.4	7.3	0.3	2.7	161.1	13.4	12
1985	0.01	6.6	14.1	16.2	14	36.5	16.9	11.2	37.5	4.3	5.4	2.1	164.81	13.7	12
1986	0	0	0	6.9	11.5	16.5	12.3	32.8	18		7.5	0.01	105.51	9.6	11
1987	0	1.5	8	7.8	18.5	28.2	23	14.5	10	0	10	0	121.5	10.1	12
1988	0.5	1.4	35	3.3	10.5	40.5	23.5	20	54.2	20	4.4	0	213.3	17.8	12
1989	10	0.2	2.3	8.7	7.2	93	26.3	27.7	18.1	8.6	0.6	8.2	210.9	17.6	12
1990	6.2	6.8	7.7	30.5	41.5	13.2	39.2	20.8	43.5	26.7	0	0	236.1	19.7	12
1991	3	0	0	5.8	8	21.7	30.2	19	14	35.5	5.5	5	147.7	12.3	12
1992									29.5	31.5	19	3	83	20.8	4
1993	0.6	7	14	4	21.5	17.5	0	21.5	17.5	13.2	7.2	0	124	10.3	12
1994	1.5	0.01	0.01	16.8	43.5	26.5	18	21	25	16.3	0.4	33.2	202.22	16.9	12
1995	22.8	6.4	7.2	9.2	19	41	17.5	46.2	47.4	11.1	22	42.5	292.3	24.4	12
1996	0	0	1.3	23.1	12	14.8	36.2	9.8	15.2	0	0	0	112.4	9.4	12
1997	0.3	0	20	23.6	19.2	29.6	43.1	21.9	23	18.5	8.3	6.9	214.4	17.9	12
1998	9	0.3	0	0	5	35.4	22.7	69.2	25.5	26.4	9.6	10	213.1	17.8	12
1999	0	0.01	6.4	17.4	3.7	29.2	22.7	26.8	19.3	29	1.5	2	158.01	13.2	12
2000	0	0											0	0	2
2001			14	14.5	17.5	49.5	18.5	44	60	51	1	5	275	27.5	10
2002	12	9	4.7	8.7	3	24	21	11.8	41.5	21.2	9.4	0	166.3	13.9	12
2003	0	0	35	5.2	30	21	37.5	29.4	68.5	30.7	3.6	0	260.9	21.7	12
2004	32.5	0.2	24.3	23	21	24.3	27.4	21.8	37.3	28.2	1.3	0	241.3	20.1	12
2005	8.5	0	20	7.5	7.8	27.2	28.2	47	12.5	26.3	7.2	0	192.2	16	12
2006	0.01	0	7.2	27.3	33.8	31.5	29.5	54	50				233.31	25.9	9
2007	2.8	20	17.5	41	20	13.8	30.4	31.2	52.4	17	0	3.2	249.3	20.8	12
2008	0	0.4	0	6.8	14.5		19.6	29	26	24	0	0	120.3	10.9	11
2009	13.6	0.6	4	4.7	24	26.6	39	33.3	37.8	13	1	24	221.6	18.5	12
2010	18.4	18.9	0	12.3	9.5	7.8	43.8	45.6					156.3	19.5	8
2011	3.2	6.1	0	28.5	6	25	22	36.5	65.5	13.4	16	0	222.2	18.5	12
2012	7.3	8.7	11.5	7.5	13	34	28.5	23.7	21.5	5.7	25.5	0	186.9	15.6	12
2013				33	24.3	31.2	39	35.5	26.5		9	2.8	201.3	25.2	8
2014	2.4	17	6	16	25.8	21	27.8	0	0	0	0	34	150	12.5	12
2015	0	0	0	0	1	20	14	20	16	15	2	0	88	7.3	12
2016	0	0	40	25	19	20	0	24	30	32	37	6	233	19.4	12
2017	0	0	6	12	20	0	32	17	70	12	0	0	169	14.1	12
2018	4	2	8	42	14	20	20	53	28		15	0	206	18.7	11
2019	0	11	19	5	9	24	40	15	20	35	6		184	16.7	11
2020	0	2	0	6	29	56	27	27	53	14	0	0	214	17.8	12
2021	3	0	4	3	30	20	74	35	27	26	0	0	222	18.5	12
2022	0	0	0	28	11	18	35	28	22	23	7	10	182	15.2	12
2023	4	0	0	20	14	20	32	35	33	8	8	6.8	180.8	15.1	12
2024	0	26	0	9	25	80	40	35	40	20	10	4	289	24.1	12
2025	30	16	10	14	25	34	40	40	40	20	16	16	301	25.1	12
2026	16	0		7									23	7.7	3
MÍNIMA	0	0	0	0	0	0	0	0	0	0	0	0	0	0	2
MÁXIMA	64	26	40	42	85.5	93	74	69.2	70	51.5	37	42.5	315.4	27.5	12
MEDIA	7.3	4.4	8.5	12.8	19.8	27.1	27.8	28.6	28.5	18.7	7.1	5.6	180.3	16.1	11
DESV.ST	11.8	6.2	10.4	10.2	14.3	14.3	11.3	12.5	14.8	11.6	8	9	61	5	2.4

LLUVIA TOTAL MENSUAL
AÑO	ENE	FEB	MAR	ABR	MAY	JUN	JUL	AGO	SEP	OCT	NOV	DIC	ACUM	PROM	MESES
1929										15.2	0	4	19.2	6.4	3
1930						146	212.4	129	131.5	93.8	1	0	713.7	102	7
1931	16.5	0	2	0	138	154.5	220.6	241.7	189.5	14.9	0	14.1	991.8	82.7	12
1932	0	5	5.5	10									20.5	5.1	4
1941								73.5	159.8	53.2	9.5	52.4	348.4	69.7	5
1942	16	0	0	65	0	54	113.44	95.62	153.1	19.5	51.5	6.5	574.66	47.9	12
1943	0	3.5	20	12	0	245.5	139	161	166.51	54	6.5	21	829.01	69.1	12
1944	0	0	35	0	0	114.5	138.5	176		120	20	0	604	54.9	11
1945	0	0	55	0	21.5	97	121	174.5	144.8				613.8	68.2	9
1955	1.5	0	15	0	121.5	73	303	416.56	366.55	95.01	47.54	14.51	1454.17	121.2	12
1956	0.01	24.01	0.03	36.03	85.55	117.11	158.55	178.06	114.54	31.51	37.53	0.04	782.97	65.2	12
1957	0	17.53	1.5	32.05	44.04	82.54	196.55	176.04	87.04	48.53	10.05	6.02	701.89	58.5	12
1958	157.52	19.52	0	52.52	113.57	120.52	267.5	135.51	105.02	77.54	88.05	59.52	1196.79	99.7	12
1959	42.5	0.02	1.02	85.03	58.52	197.52	198.56	136.05	46.07	98.04	0	0	863.33	71.9	12
1960	4.5	0	1.5	11.02	31.03	40.52	105.05	171.53	114.55	73.02	0	5.02	557.74	46.5	12
1961	12.01	1	1.02	6.05	32	210	263.52	144.55	104.02	10.52	6.52	3	794.21	66.2	12
1962	0	0.02	2.01	75.03	24.07	81.56	80.05	100.03	164.53	62.53	0.03	8.5	598.36	49.9	12
1963	0	0	25.6	23.5	64.5	103.3	243.9	97	143.7		2.01	0	703.51	64	11
1964	25.8	0	1.5	28.5	230.21	140.6	98.5	48.61	86.51	26.4	35.4	2.6	724.63	60.4	12
1965	17.5	25.5	0		21.9	100.1	79.3	184.6	85.2	58.8	1.5	9.1	583.5	53	11
1966	15.5	2.8	59.2	49.4	32.7	53.9	179.6	131.6	67.1	40.3	0	2.8	634.9	52.9	12
1967	97	0	20.9	21.01	126.2	95.8	142	125.31	184	69.5	20	0.2	901.92	75.2	12
1968	3.3	12.61	2.3	95.7	72.9	182.1	122.9	97.4	48.8	50.5	3.1	26	717.61	59.8	12
1969	14.6	2.5	25.4	9.6	16.7	100.1	182.2	229.8	83.3	9.1		0.5	673.8	61.3	11
1970	1.1	5.1	0	9.8	78.1	206.5	151.1	194.9	116	14	0	0	776.6	64.7	12
1971	0	0.4	16	10.5	37	130.3	156.2	157.9	87.4	106.1	2.3	21.2	725.3	60.4	12
1972	13	2	9.4	20.3	159.7	111.3	162.6	147.3	114.3	27.4	12.1	2.7	782.1	65.2	12
1973	0	6	0.5	34.5	65.7	121.7	134.3	128.1	96.7	52.6	9.2	0.3	649.6	54.1	12
1974	0.2	7.8	21	16.2	62.5	190.3	160.8	105	70.7	19	6	0	659.5	55	12
1975	29.2	4.3	0	21.2	101.6	118.2	99.1	117.7	66.6	29.5	0.2	0	587.6	49	12
1976	2.1	3.8	19.9	31.9	95	81.9	117.5	190.7	114	176.8	19.8	13.2	866.6	72.2	12
1977	2.4	8	0	16.2	82.9	101	156.3	78	90.9	38.1	15.3	7.9	597	49.8	12
1978	4.4	11.1	40.2	3	60.6	160	150.1	104.6	82.3	107	20.4	0	743.7	62	12
1979	0	31.6	0	39.6	90.5	55.2	165.8	163	148.1	1.1	0	33.6	728.5	60.7	12
1980	74.5	0.3	1.9	47.7	31.4	90.3	128.5	152.1	108.8	28	26.2	0	689.7	57.5	12
1981	31.8	19.7	5.5	58.9	51.8	146.1	96.4	143.4	91.2	32.4	6.3	5.2	688.7	57.4	12
1982	0	14.5	19.1	49.4	82.5	86.6	124.6	85.5	19.8	13.2	0	0.4	495.6	41.3	12
1983	13.4	19.5	15	0	9.5	79	216.5	111.4	96.5	35.2	22.7	3.1	621.8	51.8	12
1984	12.21	7.23	2.2	0.91	41.43	118.9	171.42	162.53	183.73	21.22	0.3	3.8	725.88	60.5	12
1985	0.01	11.4	18.61	47.2	34.8	165.52	115.6	72.71	125.4	9.22	5.4	2.51	608.38	50.7	12
1986	0	0	0	25.01	60.4	146.84	91.95	152.11	65.04		15.7	0.02	557.07	50.6	11
1987	0	1.5	13.1	35.8	67.13	151.22	123.92	103.72	45.7	0	13.52	0	555.61	46.3	12
1988	0.9	1.4	46.3	4.1	55	213.32	137.78	102.66	129.53	60.34	5.6	0	756.93	63.1	12
1989	10	0.2	3.3	16.6	15.81	157.01	124.7	130.12	97.1	24.4	0.6	16.61	596.45	49.7	12
1990	8.8	6.8	14.8	51.6	96.93	83.51	166.72	152.1	130.74	63.95	0	0	775.95	64.7	12
1991	3	0	0	13	41.91	186.91	120.7	82.11	120.1	143.6	11	7.4	729.73	60.8	12
1992									72.7	94.5	62.8	3	233	58.2	4
1993	1.1	13.5	27	10	116.6	136.2	0	111.01	136.2	38.1	11.8	0	601.51	50.1	12
1994	1.7	0.01	0.02	30.32	119.63	132.21	115.73	131.22	107.02	53.13	0.4	33.2	724.59	60.4	12
1995	22.8	13.9	10.6	13.2	60.7	230.7	68.4	243.1	142.8	45.8	38.6	76	966.6	80.6	12
1996	0	0	2.5	29.6	31.1	81.4	106.5	66.5	69.8	0	0	0	387.4	32.3	12
1997	0.6	0	49.6	97.6	63.7	105.8	223.3	130.6	121.7	65.2	12	11.8	881.9	73.5	12
1998	18.9	0.3	0	0	5	114.3	92.1	254.21	269.3	143.2	24.2	24	945.51	78.8	12
1999	0	0.01	10.01	18.41	9.6	96.41	200.7	177.6	85.3	78.2	1.5	2	679.74	56.6	12
2000	0	0											0	0	2
2001			14.01	56.7	68.2	193.2	165.1	144.31	160.31	73.51	1	5.01	881.35	88.1	10
2002	20	11.5	4.7	24.2	4	100	106.6	64.61	174.51	106.4	20.8	0	637.32	53.1	12
2003	0	0	35	16.91	35.4	176.6	101.6	156.5	187.1	96.9	4.7	0	810.71	67.6	12
2004	60	0.2	28.4	41.7	85	146.4	157.7	129	170.8	81.7	1.3	0	902.2	75.2	12
2005	8.5	0	56.3	13.9	15.1	105.1	141.1	279.2	66.01	73.7	7.2	0	766.11	63.8	12
2006	0.02	0	24.5	48	144.91	188.7	148.11	170.8	293.1				1018.14	113.1	9
2007	3.8	43.5	39.8	64.11	72.4	39	111.6	201.4	225.2	38.1	0	5.2	844.11	70.3	12
2008	0	0.4	0	23.7	36.92		98.92	151.81	165.71	37.01	0	0	514.47	46.8	11
2009	17.72	0.61	6.71	5.41	76.91	90	88.23	191.91	209.01	60	1	24	771.51	64.3	12
2010	46.6	60.8	0	23.9	18.2	7.8	137.1	199.9					494.3	61.8	8
2011	3.22	11.03	0	56.1	17	91.5	161.6	137.2	179.5	37.2	37.5	0	731.85	61	12
2012	7.3	29.4	19.5	16.5	27.6	137.8	213.9	141.1	100.7	12.3	26.2	0	732.3	61	12
2013				51.6	88.6	152.3	109.1	176.6	156		35	5	774.2	96.8	8
2014	10.4	29.6	8	32.2	123	105.9	126.5	0	0	0	0	49	484.6	40.4	12
2015	0	0	0	0	1	69	88	112	75	47	2	0	394	32.8	12
2016	0	0	74	26	62	157	0	140	93	47	85	11	695	57.9	12
2017	0	0	31	23	63	0	162	166	201	46	0	0	692	57.7	12
2018	4	2	17	132	68	61	89	258	118		61	0	810	73.6	11
2019	0	20	21	6	19	120	180	71	93	140	20		690	62.7	11
2020	0	2	0	15	74	108	182	232	186	18.8	0	0	817.8	68.2	12
2021	6	0	8	3	78	173	185	196	171	91	0	0	911	75.9	12
2022	0	0	0	72	21	107	177	127	109	54	28	19	714	59.5	12
2023	4	0	0	20	38	97	218	114	107	62	21	8.8	689.8	57.5	12
2024	0	30	0	9	71	223	223	319	237	83	10	6	1211	100.9	12
2025	42	27	14	14	147	285	140	260	245	92	120	62	1448	120.7	12
2026	50	0		8									58	19.3	3
MÍNIMA	0	0	0	0	0	0	0	0	0	0	0	0	0	0	2
MÁXIMA	157.52	60.8	74	132	230.21	285	303	416.56	366.55	176.8	120	76	1454.17	121.2	12
MEDIA	12.8	7.6	13.8	28.9	61.1	124.9	146.1	151.5	129	55.5	15.8	9.4	696.7	61.7	11
DESV.ST	24.9	11.8	17.1	26.4	44.3	54.4	54.3	64.4	62.2	38.5	22.9	16.1	251.3	21.1	2.4

EVAPORACIÓN MENSUAL
AÑO	ENE	FEB	MAR	ABR	MAY	JUN	JUL	AGO	SEP	OCT	NOV	DIC	ACUM	PROM	MESES
1963			225.7	231.7	170.3	141.9	116	115.4	110.8		111.3	110.6	1333.7	148.2	9
1964	120.6	198.9	217.1	227.9	209.6	131	123.7	152.3	110.6	133.4	108.5	109.3	1842.9	153.6	12
1965	127.3	155.1	233.9		204.2	164	127.5	128.2	133.6	122	133.2	109.3	1638.3	148.9	11
1966	129.8	140.5	171.6	192.1	210.1	181.5	145.9	147.1	128.1	126.7	128.7	113.9	1816	151.3	12
1967	136.31	162.5	206.6	212.4	207.1	176.7	149.2	125.5	98.3	120	131.8	136.6	1863.01	155.3	12
1968	131.9	143.5	212.9	175.9	190.7	154	137.6	138.7	103.6	127.4	131.4	105.7	1753.3	146.1	12
1969	129.4	165.1	208.3	244.6	243.9	200	125.7	94.7	104.5	145.9		125.5	1787.6	162.5	11
1970	148.2	135.2	245.9	267.4	202	156.7	141.2	157.7	110.7	145.3	132.7	141.9	1984.9	165.4	12
1971	153.8	175.2	203	214.4	205.5	149.7	141.4	136.3	110.5	136.1	131.4	128.4	1885.7	157.1	12
1972	143.5	169.6	161.5	211.6	180.3	135.4	118.2	132.6	116.5	116.9	108.7	116.1	1710.9	142.6	12
1973	161.7	154.8	237.6	204	171.7	150.2	125.2	119.2	120.8	114.3	128.3	109.9	1797.7	149.8	12
1974	133.3	139.2	179.4	176	192.6	139.8	113.7	124.7	120.1	106.7	108.2	123.3	1657	138.1	12
1975	98.1	146.9	209.3	229.8	157.2	134.7	125.6	117.7	100.2	112.3	134.7	126.4	1692.9	141.1	12
1976	119.6	157.8	215.1	165	152.1	132	116	129	132	113.7	102.2	107.7	1642.2	136.8	12
1977	141.6	143.1	234.2	178.1	180.5	142.8	131.1	138.1	123.9	127.1	115.7	115	1771.2	147.6	12
1978	139.7	143.3	188.6	224.7	224.2	102.8	106.7	129.7	86.5	94.8	105.2	116.6	1662.8	138.6	12
1979	144.9	121	203.2	181.5	190.4	148.8	132.5	91.7	86.6	158.2	118.5	92.8	1670.1	139.2	12
1980	112.7	149.3	222.7	166.3	163.5	167.1	142.9	113.9	94.4	118.7	112.9	104.8	1669.2	139.1	12
1981	123.5	126.9	192.1	162.9	181.7	98.9	103.1	113	108.7	103.7	129.4	117.7	1561.6	130.1	12
1982	154.1	146.3	193.3	227.6	161.5	183.5	143.5	143.3	127.3	125.9	124.2	136.2	1866.7	155.6	12
1983	119.2	157.3	246	263.5	253.79	190.85	121.6	128.49	95.1	120.5	120.3	123.5	1940.13	161.7	12
1984	125.9	159.4	208.3	281.7	145.4	125.3	120.3	110.6	84.1	127.5	129.3	108.6	1726.4	143.9	12
1985	126.1	136.7	186.8	161.1	200.2	130.4	135.4	131.9	113.4	116.7	122.3	102.8	1663.8	138.7	12
1986	118.7	144.5	211.8	177.2	161.6	131.3	140.6	137.8	118.1		112.6	123.2	1577.4	143.4	11
1987	151.1	162.6	209.9	169.1	188	133	124.5	125.1	141.1	146.7	130	147.8	1828.9	152.4	12
1988	155.3	136	150.8	178.2	207.4	130.9	134.4	124.07	125.75	140.93	116.35	125.31	1725.41	143.8	12
1989	151.12	136.76	173.75	166.86	160.91	140.05	112.63	106.89	86.57	132.38	130.02	97.28	1595.22	132.9	12
1990	117.43	102.14	143.75	141.36	171.91	140.23	104.87	118.24	95.49	124.95	127.62	104.61	1492.6	124.4	12
1991	150.25	144.6	235.26	235.07	190.15	146.3	121.33	139.8	116.34	113.94	108.97	100.15	1802.16	150.2	12
1992										120.55	97.81	99.04	317.4	105.8	3
1993	109.39	144.85	167.44	172.47	115.99	82.67		82.67	82.64	111.7	115.92	125.72	1311.46	119.2	11
1994	111.4	145.08	229.52	195.8	182.04	128.6	135.3	104.78	103	115.17	125.2	123.75	1699.64	141.6	12
1995	126.1	134.54	204.3	216.15	184.5	147.2	68.44	90.15	110.13	128.32	114.7	129.93	1654.46	137.9	12
1996	167.5	169.2	227.65	199.2	218.1	122.85	132.75	100.07	115.75				1453.07	161.5	9
1997	144.48	162.2	175.81	174.9	154.95	155.55	130.95	139.7	102.6	120.12	109.77	144.73	1715.76	143	12
1998	164.9	198.8	250.95	280.1	303.25	195.4	152.17	122.15	85	58.15			1810.87	181.1	10
2003						138.45	132.15	165.58					436.18	145.4	3
2004		157.06	190.99	212.86	182.56	98.44	141.03	141.22	115.55	123.45	139.3	123.85	1626.31	147.8	11
2005	127.65	147.11	241.5	165.83	195.78	205.06	141.36	99.89	121.3	112.24	130.4	122.72	1810.84	150.9	12
2006	137.45	121.45	234.43	256.1	186.3	184.6	127.8	138.3	121.53				1507.96	167.6	9
2007	88.25	162.95	187.4	207.85	170.59	179.1	141.75	144.05	119.3	130.75	113.95	122.45	1768.39	147.4	12
2008	142.63	167.4	172.69	179.75	211.7		123.65	109.8	108.55	129.56	120.8	3.4	1469.93	133.6	11
2009	116.1	143.4	173.6	206.4	179.45	159.65	161.65	159.5	115.45	126.5	82.9	144.8	1769.4	147.4	12
2010	90.21	146.25	116.77	200.69	61.63	132.13	88.25						835.93	119.4	7
MÍNIMA	88.25	102.14	116.77	141.36	61.63	82.67	68.44	82.67	82.64	58.15	82.9	3.4	317.4	105.8	3
MÁXIMA	167.5	198.9	250.95	281.7	303.25	205.06	161.65	165.58	141.1	158.2	139.3	147.8	1984.9	181.1	12
MEDIA	132.3	150.1	202.4	203.3	186.3	147.4	127.6	125.5	109.9	122.3	119.6	115.9	1617	145.2	11.1
DESV.ST	19.1	18.5	30.5	35.2	37.2	27.8	17.2	19.4	14.7	16.6	12.1	23.1	335.7	13.5	2.1

TEMPERATURA MÁXIMA PROMEDIO
AÑO	ENE	FEB	MAR	ABR	MAY	JUN	JUL	AGO	SEP	OCT	NOV	DIC	ACUM	PROM	MESES
1929										19	20.1	19		19.4	3
1930						22.6	21.1	22.1	21.7	21.2	17.9	20.7		21	7
1931	19	22.8	25.3	26.3	25.7	23.6	22.1	20.9	21.1	22.3	21.9	20.8		22.6	12
1932	22.1	23.6	24.9	27.3										24.5	4
1941								20.1	19.7	17.2	17.7	14.4		17.8	5
1942	11.5	14.7	17.9	23.3	24.6	23.6	20.4	19.8	18.4	19.8	17.3	17.5		19.1	12
1943	18.4	19	21.2	22.5	23.1	20.1	20.9	19.8	19.3	16.9	16.7	15.9		19.5	12
1944	16.7	19.5	19.5	22.2	21.3	19.2	18.4	17.8		15.4	17.5	15.9		18.5	11
1945	16.8	19.1	21.5	23.6	22.6	20.3	18.2	16.6	16.3					19.4	9
1963			23.9	26.2	23.6	23.4	20.6	21.1	20		19.5	18.9		21.9	9
1964	18.9	22.8	23.2	25.5	24	21.7	21.5	22.6	21.6	20.2	20.6	19.2		21.8	12
1965	19.2	20.1	24		25	23.2	20.9	20.5	21.9	19.6	21.1	19.4		21.4	11
1966	18.8	19.8	20.9	23.4	24.8	24	22	21.9	21.4	20.6	19.6	20.3		21.5	12
1967	18.5	21	22.7	24	24.4	23.1	22	21.3	19.4	19.8	20.4	19.7		21.4	12
1968	19.6	18.9	22.5	23.1	24.3	22.5	20.9	21.3	20.8	20.9	21.1	19.5		21.3	12
1969	20.1	22.5	23.5	25.1	24.7	25.7	23.1	20.5	20.7	22.8		20.3		22.6	11
1970	20.5	20.8	24.6	27.4	24.7	22.2	21.5	21.7	21.1	22.4	20.7	21.3		22.4	12
1971	21.5	21.8	24.5	24.2	25.8	22.1	21.5	21.3	21.6	22	21.7	20.6		22.4	12
1972	20.6	22.1	22.5	26	24.8	22.7	21.2	21.5	21.8	22.1	22.5	21.1		22.4	12
1973	22.8	23.5	26.6	25	24.8	23	21.6	20.7	22.5	21.3	21.6	19.3		22.7	12
1974	21.6	22.2	23.7	24.2	25.1	21.9	21.1	22.4	21.7	20.6	20.9	22.2		22.3	12
1975	19.5	22.4	25.9	27.2	24.5	22.3	21.7	22	21.1	20.7	22.3	20.4		22.5	12
1976	19.9	21.2	24.4	23.2	23.5	23.1	21.4	21	21.7	21	18.8	20.6		21.6	12
1977	21.6	20.7	25.2	22.5	24.6	22.5	21.7	23	22.6	22.4	20.7	20.5		22.3	12
1978	21.2	20.1	22.1	26.1	25.9	21.7	22	22.5	21.3	20	22	21.6		22.2	12
1979	21.6	21.2	24.6	25.4	25.6	23.6	22.8	20.8	19.5	23.9	21.5	19.9		22.5	12
1980	20.3	21.8	25.9	23.9	25.2	24.2	23.3	22.5	21.3	22.3	20.9	19.1		22.6	12
1981	18.7	21.2	23.4	24	24.8	22.5	21.8	22.1	22	22.2	21.3	20.7		22.1	12
1982	22.4	22.1	24.9	26.5	24.8	25.8	22.7	23.1	22.6	21.9	22.1	21.2		23.3	12
1983	18.8	20.8	23.6	26.4	28	26.2	22.5	23	21.7	21.9	21.4	21.4		23	12
1984	20.5	21.7	24.1	27.2	23.9	22.9	21.1	21.3	19.5	23.2	21.6	20.8		22.3	12
1985	20.6	21.6	24.2	23	25.4	22.6	21.8	22.7	22.3	22.6	22	20.7		22.5	12
1986	20	22.6	23.6	25.3	24.5	22.7	22.4	22.9	23		22.4	21.3		22.8	11
1987	22.4	22.3	22.9	24.3	24.8	23	23.6	23.6	24	23.5	22	23.1		23.3	12
1988	23.2	22.7	23.5	25.7	26.6	24	23.6	23	22.2	22.8	22.8	20.1		23.4	12
1989	21.2	21.8	23	24.4	26.3	24.2	22.2	22.2	20.1	21.5	22.1	19.4		22.4	12
1990	19.7	20.4	22.9	23.9	25.4	23.4	21.8	22.2	21.2	20.6	21.6	19.6		21.9	12
1991	20.7	21.9	26.8	26.9	25.5	22.8	21.6	23	20.1	20.2	20.2	19.9		22.5	12
1992									19.9	20.9	20.1	20.5		20.4	4
1993	20.9	23	24.6	25.5	20.8	19		19	19	20.9	21	20.3		21.3	11
1994	19.2	21.5	24.1	23.1	24	21	21.1	19.8	19.8	20.8	20.9	20		21.3	12
1995	19.4	20.1	22.8	24.2	25	22.9	20.7	19.6	20.6	20.6	19.9	19.1		21.2	12
1996	19.8	21.7	22.6	23.5	25.9	21.6	22.2	20.5	21.7					22.2	9
1997	18.7	21.3	21.9	21.6	22.1	23.4	21.5	21.9	20.5	20.2	19.8	20		21.1	12
1998	19	21.4	23.7	26.2	28	25.4	22.6	21	19.6	18.1	19.4	18.4		21.9	12
1999	18.3	19.5	21.9	23.4	23.6	22.3	19.6	20.2	18.6	17.5	17.5	17.2		20	12
2000	18.6	20.5												19.6	2
2001	18.7	19.9	21.7	23.5	21.8	20.3	20.4	20.6	20	19	18.1	18.8		20.2	12
2002	19.5	19.4	23.4	23.7	23.8	21.9	20.5	20.5	19.2	20.3	18.2	18.6		20.8	12
2003	17.1	22.1	22.8	24	25.2	20.6	20.4	20.6	19.9	19.8	20.1	17.9		20.9	12
2004	17.6	19.7	20.9	22	21.9	20.3	20.2	20.9	20	19.9	20.9	18.4		20.2	12
2005	18.7	20.2	21.9	32.5	23.5	23.3	21.5	19.9	19.8	19.1	18.8	18.5		21.5	12
2006	18.9	20.9	22	24	21.8	20.8	20.1	19.7	19.9	19.5				20.8	10
2007	19.3	20.5	22.2	22.5	22.8	22.3	21.1	20.2	19.2	19	19.1	19.1		20.6	12
2008	18.8	20.6	21	23.3	23.4		19.7	20.8	18.8	18.6	18.7	19.1		20.3	11
2009	17.9	20.1	22	24.2	23.5	22.3	22.2	21.1	18.9	20.5	18.5	19.2		20.9	12
2010	17.4	18.6	22.4	23.4	23.7	24.6	21	22.1	20.9	19.3	20.1			21.2	11
2011	22.6	24.1	25.8	28.8	26.7	26.9	21.7	24.1	20.4	19.9	20.1	19.9		23.4	12
2012	18.3	18.4	22.5	22.7	24.1	21.9	19.8	20.1	20.9	21.4	18.8	20		20.7	12
2013				24.2	23.4	21.7	20.8	20.9	18.9		18.8	19.2		21	8
2014	16.3	22	22.9	21.6	21.3	19	19.5	22.2	20.7	19.1	20.2	19.5		20.4	12
2015	18.9	19.7	20.7	19.4	19.2	20.7	19.1	20	20.1	20.1	18.9	19.5		19.7	12
2016	19	18.7	18.8	18.8	24.9	17.7	17.3	18.5	18.6	18.6	18.8	18.9		19	12
2017	19.3	19	18	17.3	16.8	17.7	16.7	16	14.3	13.3	16	15.2		16.6	12
2018	16.8	15.3	15.2	15	14.4	15.7	15.2	15.7	15.1	15.1	16.4	16.5		15.5	12
2019	16.4	15.1	15.2	15.3	14.8	14.2	14.5	14.6	14.4	14.5	14.6	16.5		15	12
2020	16.5	14.8	14.9	14.6	15.2	14.2	12.6	11.8	12.3	14.7	14.7	14.9		14.3	12
2021	14.9	15.9	16.1	16.4	15.5	13.9	13	11.9	11.7	14.4	16.7	16		14.7	12
2022	15.6	15	14.2	14.2	15.5	15	12.9	14.9	12.8	13	14	15.8		14.4	12
2023	17.4	16.5	16.1	15	16.1	14.3	13.8	14	14.1	13.4	15.2	16.8		15.2	12
2024	16.5	16.7	16.8	14.7	15.9	15.1	13	11.4	11.1	12.2	13.3	14.8		14.3	12
2025	12.9	12.9	12.9	12.3	15.2	13.2	12.3	10.2	9.1	10.5	13.5	12.9		12.3	12
2026	16.8	16.9		12.7										15.5	3
MÍNIMA	11.5	12.9	12.9	12.3	14.4	13.2	12.3	10.2	9.1	10.5	13.3	12.9		12.3	2
MÁXIMA	23.2	24.1	26.8	32.5	28	26.9	23.6	24.1	24	23.9	22.8	23.1		24.5	12
MEDIA	19	20.2	22.1	23	23.1	21.4	20.2	20.1	19.5	19.5	19.5	19.1		20.5	10.9
DESV.ST	2.2	2.4	3.2	4	3.4	3.2	2.9	3.1	3	3	2.4	2		2.6	2.5

TEMPERATURA MÁXIMA EXTREMA
AÑO	ENE	FEB	MAR	ABR	MAY	JUN	JUL	AGO	SEP	OCT	NOV	DIC	ACUM	PROM	MESES
1929										25	22	22		23	3
1930						25	23	24	26	25.1	25	23		24.4	7
1931	24.5	26.2	28	29	30.3	30.1	26	23.1	23.5	25	24.5	23.5		26.1	12
1932	25	28.5	27.5	30										27.8	4
1941								21.7	22	20.5	20.2	19.1		20.7	5
1942	16.1	17.5	26	27	27.1	26.2	22.1	23.1	21.5	23.5	23	22		22.9	12
1943	21	23	24	27	27	25	22	24	20.2	22	22	20		23.1	12
1944	19	22	22	25	25	23.1	21	21		19	21	19		21.6	11
1945	20	26	25	29	25	23	21	20	20					23.2	9
1963			27.2	28.4	28.2	27.2	23.7	24	24.5		22.5	22		25.3	9
1964	24	26	26.5	28.5	29.5	24.5	23	25	23.5	23	24.5	21.5		25	12
1965	22.5	22.5	26.5		28	28	25	23	25	24	24	24		24.8	11
1966	24	25	26	26	29	27	25	24	24	25	23.5	24.2		25.2	12
1967	23	25	26	29	29	27	24	24	22.5	22	23	23		24.8	12
1968	24	24	25	26	27	26.5	23.5	25	24	23	23	23		24.5	12
1969	25	26	27	28	29	29	25.5	23.5	23	25.5		24		26	11
1970	24	24	29	30	29	27	25	25	24	25	24	24.5		25.9	12
1971	25	26	28.5	30	30	26	24	23.5	25	24.5	25.5	23.5		26	12
1972	23	26	27	27.5	28.5	25.5	24	24	24.5	26	25.5	24.5		25.5	12
1973	27	26	29	28	30	28.5	24	23	26.5	24	25.5	24		26.3	12
1974	24	26	27	28.5	29	27	24	24	24	23	24	25.5		25.5	12
1975	23	26.5	29.5	29	30	25.5	25	24	24.5	26	25.5	23		26	12
1976	24	26	28	27	28	26	23	23.5	23.5	25.5	23	24		25.1	12
1977	25.5	24	29.5	29	27.5	26	24	25	26	26.5	28.5	25.5		26.4	12
1978	25	26	26.5	30	30.5	24.5	25	27	25	24	24.5	24		26	12
1979	25.5	25.5	28.5	28.5	29	27	25.5	23.5	24	26.5	25	23.5		26	12
1980	25	26	29	29	28.5	27.5	26.5	24.5	24	26	24	23.5		26.1	12
1981	24.5	25.5	28	29.5	29.5	26.5	24.5	24.5	25.5	24.5	23.5	24.5		25.9	12
1982	26.5	24.5	28.5	30	27	31	25	25	26.5	25.5	25.5	23.5		26.5	12
1983	23	26	29.5	30.5	33.5	29	25	26	25.5	25	24	24		26.8	12
1984	23	25.5	29	30.5	27.5	26.5	23.5	23.5	23.5	26	24	24.5		25.6	12
1985	24.5	24.5	27.5	27.5	30.5	26.5	25	25.5	24	25	25.5	23.5		25.8	12
1986	23.5	25.5	27	29	29.5	24.5	24.5	25.5	25.5		26.5	24		25.9	11
1987	26	26	28.5	27.5	27.5	26	25	25.5	25.5	25	24.5	24.5		26	12
1988	26	27	27	30.5	30	28	25.5	25.5	24.5	24.5	24.5	25		26.5	12
1989	24	25	25.5	27	31	30	27	25	27	25	24.5	22		26.1	12
1990	22.5	24	27.5	27.5	30.5	27	25.5	25	25	25	24.5	24.5		25.7	12
1991	24	25	30	29.5	28.5	28.5	26	26	24	23	24.5	23.5		26	12
1992									24	27	23.5	23		24.4	4
1993	24	26	28.5	29	23	24		24	24	24	23	24.5		24.9	11
1994	23.5	24	27.5	27.5	27.5	25	23.5	22.5	22.5	23.5	24	22.5		24.5	12
1995	22	25	27.5	28.5	28.5	28.5	23	23	23	23	23	22		24.8	12
1996	22.5	25	26	25.5	28.5	24.5	25	25.5	25					25.3	9
1997	21.5	25.5	26.5	25.5	26.5	28.5	25.5	25	23	25	23.5	25		25.1	12
1998	23	25	29.5	30.5	31	29	28	23.5	22	21.5	23	21		25.6	12
1999	21	22	24	27	26	25.5	23	23.5	23	21	21	20		23.1	12
2000	21.5	23.5												22.5	2
2001	22.5	23.5	25.5	27.5	26.5	23	23.5	23.5	23.5	23.5	22	23		24	12
2002	23.5	23	27	27.5	26.5	25	23.5	22.5	22.5	22	22	22.5		24	12
2003	20.5	25	26	27	29	24	22.5	23	23.5	23	23	21.5		24	12
2004	21.5	22	24	25	25.5	23.5	22	23	23	23.5	23	22		23.2	12
2005	22.5	23	26	34	32	28	24	22.5	23	22.5	22	25.5		25.4	12
2006	21.5	23.5	27	26	25	24.5	22	22.5	22.5	23				23.8	10
2007	23	25	26	27.5	26.5	26.5	23	22.5	21.5	24	20.5	23		24.1	12
2008	22	23.5	25	27.5	27		22.5	22.5	24	22	23	22.5		23.8	11
2009	22.5	24.5	25.5	26.5	27	26.5	24.5	23	22	24.5	22.5	25		24.5	12
2010	23.5	23	25	26.5	28.5	27.5	22.5	29.5	24.5	23.5	24			25.3	11
2011	25	26	30	33.5	30.5	31	27	29	23	22	23	22.5		26.9	12
2012	22	23	26	27	27	27	23	23.5	24	23	22	22		24.1	12
2013				27	26	29.5	24	31	23		32	23		26.9	8
2014	20	27	28	27	29	26	25	29	23	21	22	22		24.9	12
2015	21	22	26	22	22	31	22	23	23	23	22	24		23.4	12
2016	23	23	22	23	32	22	21	21	21	21	24	24		23.1	12
2017	30	23	23	21	21	21	21	21	21	18	21	22		21.9	12
2018	22	22	19	17	18	18	20	20	17	17	27	22		19.9	12
2019	22	20	20	22	20	20	16	17	16	16	16	20		18.8	12
2020	20	20	17	20	18	16	16	16	14	19	19	19		17.8	12
2021	18	20	18	21	17	17	16	14	15	19	20	18		17.8	12
2022	19	20	20	18	19	17	15	16	16	15	16	20		17.6	12
2023	20	19	20	20	18	17	17	15	16	16	17	19		17.8	12
2024	20	25	20	18	20	18	16	17	12	18	18	18		18.3	12
2025	17	17	16	16	22	17	14	13	10	16	17	19		16.2	12
2026	18	24		16										19.3	3
MÍNIMA	16.1	17	16	16	17	16	14	13	10	15	16	18		16.2	2
MÁXIMA	30	28.5	30	34	33.5	31	28	31	27	27	32	25.5		27.8	12
MEDIA	22.8	24.1	25.9	26.6	27	25.4	23.1	23.2	22.6	22.9	23.1	22.7		24.1	10.9
DESV.ST	2.4	2.3	3.2	3.9	3.7	3.6	3	3.3	3.4	2.9	2.7	1.9		2.6	2.5

TEMPERATURA MÍNIMA PROMEDIO
AÑO	ENE	FEB	MAR	ABR	MAY	JUN	JUL	AGO	SEP	OCT	NOV	DIC	ACUM	PROM	MESES
1929										6.5	7.1	4.4		6	3
1930						12.3	11.1	10.6	10.2	11.3	8.2	7.6		10.2	7
1931	6	7.4	9.2	9.9	12.2	12.8	12.9	11.7	11.7	10.5	7.7	6.7		9.9	12
1932	6.9	8.1	8.3	9.2										8.1	4
1941								9.7	9.5	8.8	7.7	7		8.5	5
1942	4.8	7.1	7.5	9.6	10.7	11	10.1	9.1	9	7.9	6.7	5.2		8.2	12
1943	4.5	3.9	6.8	8	9.5	9.4	8.3	7.9	8	5.3	3.9	3.7		6.6	12
1944	2.7	4.9	5.8	8	7.8	9.2	7.8	7.9		4.4	4.6	1.8		5.9	11
1945	3.2	4.1	5.7	7.3	6.8	8.1	7.7	7.8	6.9					6.4	9
1963			9.7	11.5	11	12.5	11.1	11.3	11.4		7.4	6.5		10.3	9
1964	7.2	9.1	11	12.2	11.6	11.7	11.6	10.9	11.7	8.4	8.3	6.3		10	12
1965	4.7	7	9.9		11.8	12.2	11.2	11.3	11.3	9	8	7		9.4	11
1966	6.1	7.6	8	10.8	11.8	11.9	11.6	11.5	11.3	9.9	5.8	4.4		9.2	12
1967	5.3	6.4	8.5	10.4	11.8	12	10.9	11.3	10.8	8.6	7.2	7.2		9.2	12
1968	5.5	5.2	7.5	10.3	11.1	11.9	10.9	11.2	11.5	9.7	7.5	7.4		9.1	12
1969	6	7.6	10.7	10.6	10.8	13.1	11.9	12.2	12	10.1		7		10.2	11
1970	5.2	5.3	9.9	12.9	11.4	12	11.8	11.7	11.8	10.1	6.5	6		9.6	12
1971	6.9	7	9.3	8.8	11.9	11.5	10.8	10.8	11.6	10	7.1	6.5		9.3	12
1972	6.4	5.4	8.3	11.3	12	12.1	11.5	11.2	11.3	10.3	10.5	7		9.8	12
1973	6.5	8.3	11.5	11.8	12.2	11.7	11.4	11.5	11.5	10.3	7.9	5.2		10	12
1974	7	7.1	8.9	10.5	12	11.9	10.6	10.6	10.9	9.2	7.4	7.3		9.4	12
1975	6.1	7.7	10	12	12	11.8	10.5	11	9.9	9.7	7.6	5.3		9.5	12
1976	5	5.2	9.8	10.3	11.1	12	11.4	10.7	11.6	10.5	8.6	8.3		9.5	12
1977	7.5	7.3	10.5	9.2	11.7	11.8	11.2	11.9	11.8	10.6	8.7	7.7		10	12
1978	6.8	7.6	8.8	11.9	12.2	12.4	11.6	11.4	11.8	10.2	9.1	8.1		10.2	12
1979	6.8	8.1	9.8	11.7	12	12.3	12	11.5	10.8	8.9	8.1	7.6		10	12
1980	7	7.7	11	11	13.1	12.2	11.8	12.4	12.4	10.8	7.8	5.8		10.2	12
1981	5.1	7.4	10	11.1	12.2	13.2	11.7	11.6	11.3	10.7	6.8	7.5		9.9	12
1982	7.3	7.9	10	12	12.2	11.9	10.9	11	11.5	9.7	7.6	6.9		9.9	12
1983	6.1	6	8.3	10.8	14.3	12.9	12	11.7	11.8	10.2	9.2	7.4		10.1	12
1984	6.6	7.6	9.5	11.8	11.3	11.8	11.5	11	11.1	10.3	6.8	6		9.6	12
1985	6.5	7.2	9.3	9.6	11.5	12.1	10.7	11.3	11.2	10	8	7.2		9.6	12
1986	4.6	7.6	7.1	10.8	12.1	12	10.6	11.1	11.5		9.5	7.6		9.5	11
1987	6.5	8	9.7	10.4	11.2	12.2	11.9	11.7	12.1	9.6	7.9	8.9		10	12
1988	6.1	4.7	9.1	11.3	11.9	12.3	11.7	11.6	11	10.5	8.4	6.8		9.6	12
1989	7.4	6.6	7.7	9.2	11.6	12	11	10.8	10.1	9.4	8.8	6.4		9.2	12
1990	7.2	6.9	9.3	10.3	12.2	12.2	11.6	10.9	11.7	10.2	9.2	6.5		9.8	12
1991	6.8	7.4	10.4	11.1	11.9	10.6	10.2	10.7	9.6	8.5	6.9	5.8		9.2	12
1992									11	9.4	8.6	6.1		8.8	4
1993	7.3	7.5	9.2	10.5	9.2	9.8		9.8	9.8	7.8	6.3	3.7		8.3	11
1994	3.9	5.7	7.3	8.1	9.4	9.3	8.3	9	8.8	8.4	6	5.4		7.5	12
1995	5	5.2	7.1	8.9	10.2	10.5	9.5	10.4	9.4	6.8	6.6	4.9		7.9	12
1996	2.1	4.6	5.3	7.2	9	9.6	9.3	9.1	9.4					7.3	9
1997	3.7	5.2	6.1	7.6	7.8	9.7	9.4	8.5	9.9	7.6	6.7	5.8		7.3	12
1998	3.6	4	6.2	9.6	9.3	10.5	9.5	10	10.8	9	8	5.3		8	12
1999	4	5.6	7.2	9.6	9.4	10.6	9.3	9.8	8.9	6.7	4.5	3.6		7.4	12
2000	4.1	5.4												4.8	2
2001	4.8	5.9	6.7	9.2	9.1	10	9.2	9.5	9.7	7.5	5.8	5.8		7.8	12
2002	5.2	5.5	8.4	8.5	9.9	9.9	9.5	9.4	9.7	8.6	5.8	5.8		8	12
2003	4.6	6.2	7.9	9.8	11.1	10.9	9.5	9.5	10.2	9.1	7.1	3.7		8.3	12
2004	5.1	5.5	7.9	8.9	9.8	10	9.3	9.9	9.8	9.3	6.4	4.9		8.1	12
2005	5	6.6	8.9	12.2	10	11.7	10.4	10.1	9.3	8.7	6.3	5.8		8.8	12
2006	4.7	6.5	7.5	9.4	9.7	9.5	10	9.6	10.1	9.6				8.7	10
2007	6.4	6.5	7.5	9.1	9.8	10.1	9.9	9.8	9.2	7	5.8	6.3		8.1	12
2008	5	6.5	7.3	10.3	10.3		9.5	10	10.2	7.7	5.4	5		7.9	11
2009	5.4	6.2	7.1	9.7	10.3	9.9	10.1	10.2	11	10.5	7	7.6		8.8	12
2010	6.2	6.2	8.3	9.2	10.2	9.6	10.6	9.4	8.4	8.7	4.3			8.3	11
2011	3.1	5	8	11.1	11.2	10.8	10	11.1	9.6	7.3	7	5.4		8.3	12
2012	5.9	7.2	7.6	8.3	10.2	10.5	10.4	10.9	10.3	8.3	6.9	5.3		8.5	12
2013				10.5	10.5	10.3	10.4	10.2	10.9		7.6	6.9		9.7	8
2014	4.2	6.8	6.5	6.8	7	8	7.8	7.4	5.5	4.6	5.2	5.2		6.2	12
2015	5.5	5.6	6.8	6.1	6.8	6	6.5	6.5	6.5	6.8	7.3	6.4		6.4	12
2016	6.9	6.7	7.3	7.4	7.4	7.6	7.1	7.1	7.1	7	7.3	6.8		7.1	12
2017	6.2	6.3	7.3	8.6	8.1	7.8	8.4	8.9	8.5	8	6.8	7.4		7.7	12
2018	7.9	8.2	9.7	10.4	8.6	9.4	10.4	12.3	9.6	9.1	8.9	7.8		9.4	12
2019	7.5	9.5	10	10.9	12	11	10.7	10.7	10.7	9.9	8.8	6		9.8	12
2020	5.6	7.7	9.1	11.7	10.3	10.6	10.4	9.9	9.7	7.1	7	5.7		8.7	12
2021	5.9	6.1	9	8.4	8.9	9.2	8.3	8.2	8	6.7	4.3	4		7.2	12
2022	3.8	4.6	6	9.7	7.4	6.8	7.6	6.4	6.5	6	10.7	4.2		6.6	12
2023	2.6	3.2	5	7.8	8.2	10.3	9.9	9.1	8	7	5.1	3.3		6.6	12
2024	5	5.9	9.6	12	11.6	11	10.6	9.4	8.8	5.7	4.6	3.3		8.1	12
2025	4.1	4.8	6.6	8.2	10.2	8.2	7.6	7.8	7.4	5.4	10.2	8.1		7.4	12
2026	5.4	2.8		3.2										3.8	3
MÍNIMA	2.1	2.8	5	3.2	6.8	6	6.5	6.4	5.5	4.4	3.9	1.8		3.8	2
MÁXIMA	7.9	9.5	11.5	12.9	14.3	13.2	12.9	12.4	12.4	11.3	10.7	8.9		10.3	12
MEDIA	5.5	6.4	8.4	9.8	10.5	10.8	10.2	10.2	10.1	8.6	7.2	6.1		8.5	10.9
DESV.ST	1.3	1.4	1.5	1.7	1.7	1.6	1.4	1.4	1.6	1.7	1.5	1.4		1.4	2.5

TEMPERATURA MÍNIMA EXTREMA
AÑO	ENE	FEB	MAR	ABR	MAY	JUN	JUL	AGO	SEP	OCT	NOV	DIC	ACUM	PROM	MESES
1929										3.5	5	0		2.8	3
1930						9	9	8.5	7.5	9	4	5		7.4	7
1931	2	3.5	4	5	9	10	11	9	8	8	4	2.5		6.3	12
1932	4	5	4	5										4.5	4
1941								8.1	8	6.5	6	4		6.5	5
1942	-0.5	3	1	4.5	8.3	10	8.1	7.4	4	5	3.5	0		4.5	12
1943	0	0	4	4	6	8	5	4.5	7	0	0	0		3.2	12
1944	-4	1	1.5	1.5	4	7	6	6		-1	-1	0		1.9	11
1945	0	3	4	4	5	4	6	6	2.5					3.8	9
1963			6.5	7.9	8.9	10.9	9	9.3	9		2.5	0		7.1	9
1964	0.5	7	7.5	8	7	9	9.5	6	10	4	5.5	4		6.5	12
1965	-1.5	3	5.5		9.5	10	9.5	9	8.5	3.5	5	3.5		6	11
1966	-1	1	3	7.5	7.5	8.5	9.5	9.5	8	4.5	0.6	0		4.9	12
1967	2	2	5.5	7	8	9	9.5	9	6	3	4	0		5.4	12
1968	2	-1	2.5	8	9	10	9	8.5	9.5	4.5	4.5	3.5		5.8	12
1969	3	3	7	4	8	10.5	10	10.5	9	6		2		6.6	11
1970	2	2	6.5	9.5	7	10	9	9	10	7.5	2	1.5		6.3	12
1971	4.5	2	4	3.5	9	9	9	9	10	4.5	3.5	2		5.8	12
1972	0.5	-0.5	5	6.5	10	10	10	8	9.5	7.5	8.5	2		6.4	12
1973	1.5	4	9.5	7	10	9.5	10	10	10	7.5	1	2		6.8	12
1974	5	2	4	4.5	10.5	10	7	9	6	5.5	1	6		5.9	12
1975	2	3.5	7	10	10	10	8.5	9.5	4	5.5	2	2		6.2	12
1976	1.5	0	7.5	7	7	9.5	9.5	9.5	10	8	5.5	5.5		6.7	12
1977	5.5	4.5	3	5	8	9	9	10	10	5.5	5	0		6.2	12
1978	3	1	2	10	10.5	10	9.5	7.5	10	7.5	7	1		6.6	12
1979	0.5	4.5	6.5	8	9.5	7	10.5	9.5	5	5	4.5	4		6.2	12
1980	3	1	7	8	11	9.5	9.5	10.5	9.5	7	3	0		6.6	12
1981	1.5	3	5.5	7.5	9.5	10	10	9.5	6.5	7.5	3	4		6.5	12
1982	5	5.5	4	8	9.5	9.5	7.5	9.5	8.5	5	2	1.5		6.3	12
1983	2	1.5	4.5	7.5	11	10.5	9.5	9.5	8	5	6.5	0.5		6.3	12
1984	2	3.5	5.5	7.5	7	7.5	10	9	9.5	7.5	4	2.5		6.3	12
1985	0.5	3.5	6.5	5.5	7.5	10.5	7.5	9.5	8.5	5.5	5	3		6.1	12
1986	0	3	0	8	9	10	8	9	8.5		4.5	4.5		5.9	11
1987	0.5	0.5	1	8	8	10.5	10.5	10	11	4.5	3.5	7		6.2	12
1988	2	-2	3.5	8	10	11	10	10	6	6.5	3	3		5.9	12
1989	5	1	2	7	8.5	8.5	9	8.5	5.5	5	7	-2.5		5.4	12
1990	5.5	2.5	3	7	8	9.5	9.5	7.5	9.5	8	4.5	2		6.4	12
1991	4	4.5	6	6	9	8	8.5	8	6	5.5	4	3		6	12
1992									8	6	5.5	3		5.6	4
1993	3	4.5	6	7	6	7		7	7	5	3	-1.5		4.9	11
1994	-1	3.5	4	5.5	6	6	5.5	6.5	5	5	2.5	2		4.2	12
1995	2	3	1	5	7.5	6.5	7	7.5	4	1	1.5	2.5		4	12
1996	-3	0.5	0	3	6.5	8	6.5	7	7.5					4	9
1997	1	2.5	2.5	4	5	6	6.5	6.5	8	1	4	-1		3.8	12
1998	0.5	-2	1	7	6	8.5	6.5	7	9	6.5	3.5	2.5		4.7	12
1999	0	-1	3	6	3.5	8	5.5	8	5	0	0.5	0.5		3.2	12
2000	0	0.5												0.2	2
2001	0.5	2	2.5	6	5	7	7.5	7.5	7	1.5	3	4		4.5	12
2002	1.5	0.5	6	6	5.5	7.5	6.5	7.5	5	7	-2	2		4.4	12
2003	1	2.5	3	4	8	9.5	7	7	7.5	6.5	1.5	0		4.8	12
2004	0.5	1	4	5	6.5	7	6.5	8.5	8	6.5	1.5	1		4.7	12
2005	-1.5	4	6	10.5	7.5	9	8	7.5	6.5	5	3.5	2		5.7	12
2006	-4	3	4	5	7	7	7	7	8	3.5				4.8	10
2007	2	0.5	2	6	8	6.5	7	8	5	1	2	3.5		4.3	12
2008	-3	4.5	2.5	6.5	6.5		6.5	8.5	7	2.5	0.5	2.5		4	11
2009	3	1	1.5	6	8	1	8	2	1.5	7	1.5	3.5		3.7	12
2010	2.5	2.5	5.5	6	8	9	8.5	8	7	7	0.1			5.8	11
2011	0	2	5	7	8	8	6	9	3	2	1	2		4.4	12
2012	3	4.5	5	3.5	6	8	8	9	8	5	3	3		5.5	12
2013				8	9	8	9	7	9		2	3		6.9	8
2014	1	5	3	5	4	6	6	4	4	2	3	3		3.8	12
2015	4	4	3	4	5	2	4	4	4	1	4	1		3.3	12
2016	4	4	4	3	1	1	5	4	4	4	4	3		3.4	12
2017	2	3	4	5	3	5	5	6	5	4	3	3		4	12
2018	5	4	6	7	5	5	7	7	7	6	4	4		5.6	12
2019	4	6	6	7	9	8	9	7	9	8	4	3		6.7	12
2020	1	4	5	9	6	8	8	8	8	3	4	3		5.6	12
2021	3	1	7	3	4	7	4	6	6	4	2	1		4	12
2022	1	2	2	3	4	5	6	4	4	3	9	2		3.8	12
2023	1	1	2	4	5	8	7	8	4	4	3	1		4	12
2024	2	2	5	9	10	9	9	8	7	0	1	1		5.2	12
2025	1	2	5	4	5	6	6	6	6	2	8	2		4.4	12
2026	2	0		1										1	3
MÍNIMA	-4	-2	0	1	1	1	4	2	1.5	-1	-2	-2.5		0.2	2
MÁXIMA	5.5	7	9.5	10.5	11	11	11	10.5	11	9	9	7		7.4	12
MEDIA	1.5	2.4	4.2	6.1	7.3	8.1	7.9	7.8	7.1	4.7	3.3	2.1		5.1	10.9
DESV.ST	2.1	1.9	2	2.1	2.2	2.2	1.7	1.8	2.2	2.4	2.2	1.8		1.4	2.5

TEMPERATURA MEDIA MENSUAL
AÑO	ENE	FEB	MAR	ABR	MAY	JUN	JUL	AGO	SEP	OCT	NOV	DIC	ACUM	PROM	MESES
1929										12.8	13.6	11.7		12.7	3
1930						17.5	16.1	16.4	15.9	16.2	13	14.1		15.6	7
1931	12.5	15.1	17.2	18.1	19	18.2	17.5	16.3	16.4	16.4	14.8	13.8		16.3	12
1932	14.5	15.9	16.6	18.2										16.3	4
1941								14.9	14.6	13	12.7	10.7		13.2	5
1942	8.2	10.9	12.7	16.4	17.6	17.3	15.2	14.4	13.7	13.9	12	11.3		13.6	12
1943	11.4	11.4	14	15.2	16.3	14.8	14.6	13.9	13.7	11.1	10.3	9.8		13	12
1944	9.7	12.2	12.7	15.1	14.6	14.2	13.1	12.9		9.9	11.1	8.8		12.2	11
1945	10	11.6	13.6	15.5	14.7	14.2	12.9	12.2	11.6					12.9	9
1963			16.8	18.9	17.3	18	15.9	16.2	15.7		13.4	12.7		16.1	9
1964	13	15.9	17.1	18.9	17.8	16.7	16.6	16.8	16.6	14.3	14.5	12.8		15.9	12
1965	11.9	13.6	17		18.4	17.7	16	15.9	16.6	14.3	14.6	13.2		15.4	11
1966	12.4	13.7	14.4	17.1	18.3	18	16.8	16.7	16.4	15.2	12.7	12.4		15.3	12
1967	11.9	13.7	15.6	17.2	18.1	17.6	16.4	16.3	15.1	14.2	13.8	13.4		15.3	12
1968	12.6	12	15	16.7	17.7	17.2	15.9	16.2	16.1	15.3	14.3	13.4		15.2	12
1969	13.1	15.1	17.1	17.9	17.8	19.4	17.5	16.4	16.4	16.4		13.7		16.4	11
1970	12.8	13.1	17.2	20.1	18	17.1	16.6	16.7	16.5	16.2	13.6	13.7		16	12
1971	14.2	14.4	16.9	16.5	18.9	16.8	16.1	16	16.6	16	14.4	13.6		15.9	12
1972	13.5	13.8	15.4	18.6	18.4	17.4	16.4	16.4	16.6	16.2	16.5	14.1		16.1	12
1973	14.7	15.9	19	18.4	18.5	17.4	16.5	16.1	17	15.8	14.8	12.2		16.4	12
1974	14.3	14.6	16.3	17.4	18.6	16.9	15.9	16.5	16.3	14.9	14.1	14.8		15.9	12
1975	12.8	15	18	19.6	18.2	17	16.1	16.5	15.5	15.2	14.9	12.8		16	12
1976	12.4	13.2	17.1	16.8	17.3	17.6	16.4	15.8	16.6	15.8	13.7	14.5		15.6	12
1977	14.6	14	17.9	15.8	18.1	17.1	16.4	17.4	17.2	16.5	14.7	14.1		16.1	12
1978	14	13.9	15.5	19	19	17	16.8	17	16.6	15.1	15.6	14.9		16.2	12
1979	14.2	14.6	17.2	18.5	18.8	18	17.4	16.1	15.2	16.4	14.8	13.8		16.2	12
1980	13.7	14.8	18.4	17.4	19.1	18.2	17.6	17.4	16.9	16.6	14.3	12.5		16.4	12
1981	11.9	14.3	16.7	17.6	18.5	17.9	16.8	16.9	16.6	16.4	14.1	14.1		16	12
1982	14.8	15	17.4	19.2	18.5	18.9	16.8	17	17	15.8	14.9	14.1		16.6	12
1983	12.4	13.4	16	18.6	21.1	19.6	17.2	17.4	16.8	16	15.3	14.4		16.5	12
1984	13.6	14.6	16.8	19.5	17.6	17.4	16.3	16.1	15.3	16.8	14.2	13.4		16	12
1985	13.6	14.4	16.8	16.3	18.4	17.4	16.2	17	16.8	16.3	15	13.9		16	12
1986	12.3	15.1	15.4	18	18.3	17.4	16.5	17	17.2		15.9	14.4		16.1	11
1987	14.4	15.2	16.3	17.4	18	17.6	17.8	17.6	18	16.6	14.9	16		16.6	12
1988	14.6	13.7	16.3	18.5	19.2	18.1	17.6	17.3	16.6	16.6	15.6	13.5		16.5	12
1989	14.3	14.2	15.3	16.8	19	18.1	16.6	16.5	15.1	15.4	15.5	12.9		15.8	12
1990	13.4	13.6	16.1	17.1	18.8	17.8	16.7	16.6	16.4	15.4	15.4	13.1		15.9	12
1991	13.8	14.6	18.6	19	18.7	16.7	15.9	16.9	14.9	14.3	13.6	12.8		15.8	12
1992									15.4	15.1	14.4	13.3		14.6	4
1993	14.1	15.2	16.9	18	15	14.4		14.4	14.4	14.3	13.7	12		14.8	11
1994	11.5	13.6	15.7	15.6	16.7	15.2	14.7	14.4	14.3	14.6	13.4	12.7		14.4	12
1995	12.2	12.7	14.9	16.6	17.6	16.7	15.1	15	15	13.7	13.2	12		14.6	12
1996	11	13.1	14	15.3	17.4	15.6	15.8	14.8	15.6					14.7	9
1997	11.2	13.2	14	14.6	15	16.5	15.4	15.2	15.2	13.9	13.2	12.9		14.2	12
1998	11.3	12.7	14.9	17.9	18.6	18	16	15.5	15.2	13.6	13.7	11.8		14.9	12
1999	11.2	12.6	14.5	16.5	16.5	16.4	14.5	15	13.8	12.1	11	10.4		13.7	12
2000	11.4	12.9												12.2	2
2001	11.8	12.9	14.2	16.4	15.4	15.2	14.8	15.1	14.8	13.2	12	12.3		14	12
2002	12.3	12.4	15.9	16.1	16.9	15.9	15	14.9	14.4	14.4	12	12.2		14.4	12
2003	10.9	14.2	15.4	16.9	18.1	15.8	14.9	15.1	15	14.4	13.6	10.8		14.6	12
2004	11.4	12.6	14.4	15.4	15.8	15.2	14.8	15.4	14.9	14.6	13.6	11.6		14.1	12
2005	11.8	13.4	15.4	22.4	16.8	17.5	15.9	15	14.6	13.9	12.6	12.2		15.1	12
2006	11.8	13.7	14.8	16.7	15.8	15.2	15.1	14.6	15	14.6				14.7	10
2007	12.9	13.5	14.8	15.8	16.3	16.2	15.5	15	14.2	13	12.5	12.7		14.4	12
2008	11.9	13.6	14.2	16.8	16.9		14.6	15.4	14.5	13.2	12.1	12.1		14.1	11
2009	11.6	13.2	14.6	17	16.9	16.1	16.1	15.7	14.9	15.5	12.8	13.4		14.8	12
2010	11.8	12.4	15.3	16.3	17	17.1	15.8	15.8	14.6	14	12.2			14.8	11
2011	12.9	14.6	16.9	20	19	18.9	15.8	17.6	15	13.6	13.6	12.6		15.9	12
2012	12.1	12.8	15.1	15.5	17.1	16.2	15.1	15.5	15.6	14.8	12.9	12.7		14.6	12
2013				17.4	17	16	15.6	15.5	14.9		13.2	13.1		15.3	8
2014	10.2	14.4	14.7	14.2	14.2	13.5	13.7	14.8	13.1	11.9	12.7	12.3		13.3	12
2015	12.2	12.6	13.8	12.8	13	13.3	12.8	13.2	13.3	13.5	13.1	12.9		13	12
2016	12.9	12.7	13.1	13.1	16.1	12.6	12.2	12.8	12.9	12.8	13.1	12.8		13.1	12
2017	12.8	12.7	12.7	12.9	12.4	12.8	12.6	12.4	11.4	10.7	11.4	11.3		12.2	12
2018	12.4	11.8	12.4	12.7	11.5	12.6	12.8	14	12.3	12.1	12.6	12.2		12.4	12
2019	11.9	12.3	12.6	13.1	13.4	12.6	12.6	12.6	12.6	12.2	11.7	11.2		12.4	12
2020	11.1	11.2	12	13.1	12.8	12.4	11.5	10.9	11	10.9	10.8	10.3		11.5	12
2021	10.4	11	12.6	12.4	12.2	11.6	10.7	10.1	9.8	10.6	10.5	10		11	12
2022	9.7	9.8	10.1	11.9	11.4	10.9	10.2	10.7	9.7	9.5	12.3	10		10.5	12
2023	10	9.8	10.6	11.4	12.2	12.3	11.9	11.6	11.1	10.2	10.1	10.1		10.9	12
2024	10.8	11.3	13.2	13.3	13.8	13.1	11.8	10.4	9.9	8.9	8.9	9.1		11.2	12
2025	8.5	8.8	9.8	10.2	12.7	10.7	9.9	9	8.2	8	11.8	10.5		9.8	12
2026	11.1	9.8		7.9										9.6	3
MÍNIMA	8.2	8.8	9.8	7.9	11.4	10.7	9.9	9	8.2	8	8.9	8.8		9.6	2
MÁXIMA	14.8	15.9	19	22.4	21.1	19.6	17.8	17.6	18	16.8	16.5	16		16.6	12
MEDIA	12.3	13.3	15.2	16.4	16.8	16.1	15.2	15.2	14.8	14.1	13.4	12.6		14.5	10.9
DESV.ST	1.5	1.5	2	2.6	2.2	2.1	1.9	2	2.1	2.1	1.5	1.5		1.8	2.5
