COMISIÓN NACIONAL DEL AGUA
COORDINACIÓN GENERAL DEL SERVICIO METEOROLÓGICO NACIONAL
BASE DE DATOS CLIMATOLÓGICA NACIONAL 

ESTADÍSTICA MENSUAL
EMISIÓN   : 28/08/2026 

DATOS DISPONIBLES EN LA BASE DE DATOS A: AUGUST DE 2026; 
CON LA INFORMACIÓN SUMINISTRADA POR LAS UNIDADES ADMINISTRATIVAS 

 ESTACIÓN   : 9051 
 NOMBRE     : TLAHUAC 
 ESTADO     : CIUDAD DE MÉXICO 
 MUNICIPIO  : TLÁHUAC 
 SITUACIÓN  : OPERANDO 
 U. ADMNVA. : ORGANISMO DE CUENCA AGUAS DEL VALLE DE MÉXICO 
 CVE-OMM    :   
 LATITUD    : 19.26277778 ° 
 LONGITUD   : -99.00361111 ° 
 ALTITUD    : 2240 msnm 


LLUVIA MÁXIMA 24 H.
AÑO	ENE	FEB	MAR	ABR	MAY	JUN	JUL	AGO	SEP	OCT	NOV	DIC	ACUM	PROM	MESES
1961	6	1.5	8.5	4.5	5.4	22.5	40.2	25.4	27	0.9	18	5.6	165.5	13.8	12
1962	0	0	0.3	32.5	13	18.2	24.2	23	37	35	6.5	9	198.7	16.6	12
1963	0	0	18.6	7.2	17	40	33.1	37	66	22	2	0	242.9	20.2	12
1964	12	8.6	7	7	32	20	11	11	20	3	0.01	0.01	131.62	11	12
1965	0	18.5	9.5	6	20	20	20	60	10	9	1.5	7.5	182	15.2	12
1966	10	1	20	26	11	12	17	13	14.5	7.5	0	3.5	135.5	11.3	12
1967	52	0	5	6	20	20	20	24	20	20	10	0	197	16.4	12
1968	3	7.5	0.01	18	11	29	15	16	45	30	0.01	8	182.52	15.2	12
1969	5	0	2	12	10	22	25	30	35	10	0	0	151	12.6	12
1970	0	3	0	0	21	30	50	22	40	5	0	0	171	14.2	12
1971	0	0	8	4	9	16	13	19	22.5	28	3	7	129.5	10.8	12
1972	0	1	2	40	50	15	19	20	20	39	4	0	210	17.5	12
1973	0	3	3	7	14	19	27	40	20	16	5	0	154	12.8	12
1974	1	4.5	6		19	18.5	27.5	44	10.7	1.5	0	0	132.7	12.1	11
1975	16		0	10	34	14.5	18	13.5	13.5	13.5	0	0	133	12.1	11
1976	0	4	10	14.3	14.5	31.5	16	32.5	22.5	40	2.8	23	211.1	17.6	12
1977	2	6.5	0	20	17.5	34	15	25	22.5	45	8	0	195.5	16.3	12
1978	0	6	35	1.4	8.5	34.8	14	13.8	24	27	7	0	171.5	14.3	12
1979	0	5	0	9	16.5	25	26.8	29	54	0	0	15	180.3	15	12
1980	44		0	9	18	22.5	38.5	18	20.5	15.5	2	0	188	17.1	11
1981	25	0	0	0	18	20	23	27	9.5	20.5	9.5	0	152.5	12.7	12
1982	0	9.1	0.5	13	21	20	17	14	10	19.5	0	1	125.1	10.4	12
1983	10.5	6	3	0	6	60	35	40	18	13.5	4	2	198	16.5	12
1984	3	5.5	1.5	0	12	24	28.5	34	34	14	0	0	156.5	13	12
1985	0	1	6	10	17	22	17	15	11	9.5	0.6	0	109.1	9.1	12
1986	0	0	0	10	13	20	33	21.5	20	17	8.8	0	143.3	11.9	12
1987	0	0	4	9	25	15.5	28	16	12	0	6.5	0	116	9.7	12
1988	0	0.01	35	0	38.5	23.5	27	20	47	22	0	0	213.01	17.8	12
1996		0	0	16									16	5.3	3
1997	0	15.5	19	0	38	19	18	27	26.5	18	0	0	181	15.1	12
1998	0	0	0	0	0	0	25.5	30	28.5	10.5	0	0	94.5	7.9	12
1999	0	0	0	0	0	5	4	30.5	16	3	0	0	58.5	4.9	12
2000	0	0	0	0	0	13	20	33	36				102	11.3	9
2001			0	0	20	30	36	18	0	0	0	0	104	10.4	10
2002	12	18	0	0	23	0	17	19	26	3	0	0	118	9.8	12
2003	0	0	26	0	28	33	27	28	37	39	13	0	231	19.2	12
2004	0	0	0.6	4.3	20.9	10.5	24.5	18.5	33.4	10.1	1.7	0	124.5	10.4	12
2005	2	3.1	1.1	23	6.5	25.5	20	22	12	16	2	0	133.2	11.1	12
2006	0	0	10	12	20	28	30	43	26	28	8.5	0	205.5	17.1	12
2007	4	12.5	10	10.5	10	16	24	28	29	7.5	0	0	151.5	12.6	12
2008	0	2	4	14	5	22.5	22	21	13	23.5	0	0	127	10.6	12
2009	8	0	4	0	17.3	24.5	48.5	32	36	17	1	0	188.3	15.7	12
2010	17.5	35	4	7.5	5.5	12.5	18.5	20	20	0	0	0	140.5	11.7	12
2011	0	0	0	20	6	55.6	25	44.5	21	24.7	3.5	0	200.3	16.7	12
2012	0	30	0	7	13	20.5	36	23	15	2	17	0	163.5	13.6	12
2013	0	2	1.5	19	32.5	34.5	25	37	25	15	14	2	207.5	17.3	12
2014	1.3	6	23	6	28.5	23.5	34	12	20	35.5	7	33	229.8	19.1	12
2015	0	10	16	12.5	27.5				31.5		3.5	1	102	12.8	8
2016	2	1	3	22.5	6.2	28.5	26	26	35.8	13	43	3.5	210.5	17.5	12
2017	0	0	20	5.5	32.2	18.7	18	16.2	32	15	0	0	157.6	13.1	12
2018	0	0	4.5	21.6	22.5	20.2	20	24	27.7	17	12.8	0	170.3	14.2	12
2019	4.6	13.8	9.4	2.8	30.7	21	17.6	17.7	26	26	15.5	0	185.1	15.4	12
2020	7.8	11	0	13.8	13.2	43.5	48	24.9	18	5.5	0	0	185.7	15.5	12
2021	0	0	0	6.3	19	26	24	23.4	26.5	6.7	1	0	132.9	11.1	12
2022	1.3	1.5	3	12.5	3.3	17.3	22	17.6	12.7	11.5	7.3	4	114	9.5	12
2023	0	0	11.2	9.2	60.3	11.5	19.4	8	9	20	0	0	148.6	12.4	12
2024	0	12.8	0	10.5	9.7	33	20.5	47	19		2	4	158.5	14.4	11
2025	7.5	9	3.5	15	25.5	45	42.5	40	107.8	24.5			320.3	32	10
2026	8	2	13.5										23.5	7.8	3
MÍNIMA	0	0	0	0	0	0	4	8	0	0	0	0	16	4.9	3
MÁXIMA	52	35	35	40	60.3	60	50	60	107.8	45	43	33	320.3	32	12
MEDIA	4.7	4.9	6.3	9.6	18.2	23.4	24.9	25.6	25.8	16.2	4.6	2.3	158.7	13.7	11.4
DESV.ST	9.9	7.4	8.6	8.7	12	11.3	9.5	10.5	16.3	11.6	7.2	5.9	51.1	4.1	1.8

LLUVIA TOTAL MENSUAL
AÑO	ENE	FEB	MAR	ABR	MAY	JUN	JUL	AGO	SEP	OCT	NOV	DIC	ACUM	PROM	MESES
1961	6.61	1.5	8.62	6.4	6.7	146.1	183.7	97.1	94.8	3.01	18.9	5.6	579.04	48.3	12
1962	0	0	0.3	62	31.9	76.5	64.4	75.9	124.6	71.4	6.5	9	522.5	43.5	12
1963	0	0	41.83	7.21	38.4	91.1	213.3	186.3	143.9	100.8	2	0	824.84	68.7	12
1964	26.9	14.9	7.01	13	120.1	61.7	28.5	28.5	145.2	5	0.1	0.04	450.95	37.6	12
1965	0	20.2	9.5	26.5	23	97.5	139.5	178	53	59	1.5	7.51	615.21	51.3	12
1966	14.5	1.51	42.01	34	33.3	53	166	85.5	57.52	31	0	3.5	521.84	43.5	12
1967	73	0	7	18	77	85.5	106.02	102.5	137.5	50	19	0	675.52	56.3	12
1968	3	12.5	0.01	50.06	72	166.52	111.84	130	91.52	52.01	0.02	27.01	716.49	59.7	12
1969	11.5	0	4	12	21.5	62.5	129.5	154.5	108	12	0	0	515.5	43	12
1970	0	4	0	0	88	169	208	108	154	13	0	0	744	62	12
1971	0	0	11	5	18	127	89	95	131.5	121	5	7	609.5	50.8	12
1972	0	2	10	71.5	128	82	118	94	121.9	85.5	13.5	0	726.4	60.5	12
1973	0	3	3	17	61	80	102.7	133.5	111.5	60.5	10	0	582.2	48.5	12
1974	1	9	15.5		49.5	102.8	139	130.3	85.2	2.5	0	0	534.8	48.6	11
1975	26.5		0	13.5	119	131.5	84	86.5	73.5	49.5	0	0	584	53.1	11
1976	0	7	18	31.8	56.5	79	102.5	181.5	115.5	142.5	2.8	36.5	773.6	64.5	12
1977	3	6.5	0	32.3	51.5	85.5	100	105.2	78.9	45	16	0	523.9	43.7	12
1978	0	8	67.5	1.4	27.4	153.2	109.3	60.8	92	111	7	0	637.6	53.1	12
1979	0	16	0	23	70.2	90.1	125.3	167.5	164.6	0	0	24.1	680.8	56.7	12
1980	103.5		0	37.5	50.2	71.5	148	122	104.4	79	2	0	718.1	65.3	11
1981	45	0	0	0	72	109.3	128.8	123.7	43.7	42.5	9.5	0	574.5	47.9	12
1982	0	10.6	0.5	17	60.5	74	100.8	42.3	22.5	25.5	0	1	354.7	29.6	12
1983	14	6	6	0	13	166	218.5	103.8	98.3	35	12	2	674.6	56.2	12
1984	8.02	8.54	1.51	0	59.5	82.53	164.74	118.44	145.53	51.21	0	0	640.02	53.3	12
1985	0	2	11.01	31.04	51.52	130.51	84.04	52.51	67.5	23.51	0.6	0	454.24	37.9	12
1986	0	0	0	30	48.5	81	153.1	135.9	47.6	34.1	14.3	0	544.5	45.4	12
1987	0	0	9.51	11.5	42.5	89.44	90.91	113	47.01	0	6.5	0	410.37	34.2	12
1988	0	0.02	38	0	75.7	114.6	125.8	86.5	70.6	30.5	0	0	541.72	45.1	12
1996		0	0	26									26	8.7	3
1997	0	33.5	41	0	117	36.5	41	93.5	85.5	27	0	0	475	39.6	12
1998	0	0	0	0	0	0	70	91	97	16	0	0	274	22.8	12
1999	0	0	0	0	0	13	12.5	62	60	5	0	0	152.5	12.7	12
2000	0	0	0	0	0	51	36	98	103.5				288.5	32.1	9
2001			0	0	48	45	80	47	0	0	0	0	220	22	10
2002	12	41	0	0	41.5	0	36	73	72	7	0	0	282.5	23.5	12
2003	0	0	26	0	64	120	67	55	85	46	13	0	476	39.7	12
2004	0	0	0.9	13.71	52.21	36.11	106.5	70.31	100.1	23.61	1.7	0	405.15	33.8	12
2005	2.01	7.2	1.4	23	18	66	81	130.5	40	67	2	0	438.11	36.5	12
2006	0	0	15	27.5	62.03	132.5	159	159.01	116	107.02	12.5	0	790.56	65.9	12
2007	5	31	18.01	28.2	44	56.51	115.4	165.5	128.71	10.5	0	0	602.83	50.2	12
2008	0	4.5	4	41.5	14	95.4	76	93	77.4	32.5	0	0	438.3	36.5	12
2009	15.5	0	5	0	49.3	100.5	80	165	146	53	1	0	615.3	51.3	12
2010	45.5	86	5	11.5	24.5	75	96.5	149.8	76.5	0	0	0	570.3	47.5	12
2011	0	0	0	55.5	21	151.4	150.5	158.5	79.6	42.5	10.5	0	669.5	55.8	12
2012	0	50.5	0	12.5	21	114.4	125.8	113.5	46.01	2	27.5	0	513.21	42.8	12
2013	0	2	2.9	25	81.5	84.5	77.8	136.2	150.4	66.71	43	4	674.01	56.2	12
2014	1.3	6	27.71	10.5	89.51	106.11	173.41	75.41	107.6	93.11	10.3	35	735.96	61.3	12
2015	0	15.4	61.3	17	115.1				124.43		4.5	1	338.73	42.3	8
2016	4.02	1	8	37.1	30.81	188.31	121.2	100.9	91.71	23.6	72.2	3.5	682.35	56.9	12
2017	0	0	39.31	5.5	49.1	65.4	107.9	107.8	93.7	27.6	0	0	496.31	41.4	12
2018	0	0	8.1	80.5	79	51.1	71.2	189.8	120.9	57.7	46.5	0	704.8	58.7	12
2019	4.6	16.5	11.6	3.1	43.8	96.5	95.8	104.1	84.7	96.9	33.2	0	590.8	49.2	12
2020	8.81	12	0	18.8	32.8	116	122.21	116.01	92.5	8.4	0	0	527.53	44	12
2021	0	0	0	6.31	58.91	139.42	92.4	120.7	126	31	1	0	575.74	48	12
2022	1.31	1.5	3.01	25.5	10.2	84.7	116.4	87.8	75.1	14.71	7.3	5.8	433.33	36.1	12
2023	0	0	16.1	33.4	83.5	31.1	119.2	38.81	10	89	0	0	421.11	35.1	12
2024	0	13.8	0	10.5	34.9	117.9	98.8	281.5	105.3		2	4	668.7	60.8	11
2025	14	9.5	5	15	83.8	209	146.7	128.5	285.5	66.9			963.9	96.4	10
2026	9	2	25										36	12	3
MÍNIMA	0	0	0	0	0	0	12.5	28.5	0	0	0	0	26	8.7	3
MÁXIMA	103.5	86	67.5	80.5	128	209	218.5	281.5	285.5	142.5	72.2	36.5	963.9	96.4	12
MEDIA	8.1	8.3	10.8	18.9	51.5	93.6	110.9	112.7	96.7	43.5	7.9	3.2	539.3	46.2	11.4
DESV.ST	18.6	15	15.7	18.8	31.9	44.4	44.1	45.4	44.4	35.6	13.7	8.2	181.8	15	1.8

EVAPORACIÓN MENSUAL
AÑO	ENE	FEB	MAR	ABR	MAY	JUN	JUL	AGO	SEP	OCT	NOV	DIC	ACUM	PROM	MESES
1977				143.1	157.6	126.2	136.1	106.8	125.2	122.7	116.1	94.6	1128.4	125.4	9
1978	107.7	100	156.9	156.7	157.7	98.9	112.8	133.3	115.5	103.2	106.7	94.3	1443.7	120.3	12
1979	114.1	101.6	122.1	124.5	158	146.7	167.9	136.1	115.62	126.8	97.9	93.3	1504.62	125.4	12
1980	116.3		141.8	139.8	147.4	137.8	146.8	134.8	138.6	135	90.4	112.8	1441.5	131	11
1981	114.7	94.9	112.6	93.9	103.4	97.8	136.1	109.7	110.3	124.6	111.2	98.6	1307.8	109	12
1982	113	107.1	154.8	178.9	134.7	153.9	131.9	130.2	129.2	110.6	98.6	98.6	1541.5	128.5	12
1983	98.91	122.37	182.97	210.9	191.7	167.6	120	127.7	116.4	124.5	107.8	99.9	1670.75	139.2	12
1984	111.8	131.2	185.6	210.9	144.8	132.3	105.3	94.4	79.5	118.8	114.5	94.7	1523.8	127	12
1985	114.7	135.5	190.65	137.1	184.5	135.1	135.3	123	51.7	101.2	97.1	87.3	1493.15	124.4	12
1986	106.5	137.9	157.79	158.5	127.1	115.3	146.2	129.5	127.3	110.7	94.2	102	1512.99	126.1	12
1987	134.9	127.1	142.8	146.8	151.8	119.2	165.1	148.5	132.8	126.5	110.7	116.2	1622.4	135.2	12
1988	133.7	116	156.3	187.4	159	143.33	137.94	132	117.8		118.66	112.05	1514.18	137.7	11
1996		95.37	141.26	121.31									357.94	119.3	3
1997	95.99	94.69	118.86	119.68	130.53	104.57	105.09	132.87	83.14	113.19	103.13	100.5	1302.24	108.5	12
1998	107.12	76.07	95.29	103.29	116.66	106.01	79.92	93.94	94.41	106.71	94.59	99.85	1173.86	97.8	12
1999	93.05	84.83	93.22	103.48	98.15	89.74	112.16	83.37	66.83	90.01	89.28	78.68	1082.8	90.2	12
2000	81.82	72.71	82.56	81.1	102.6	96.32	84.19	99.28	98.75				799.33	88.8	9
2001			86.6	72.25	90.15	86.42	83.01	69.85	66.24	103.15	81.08	84.91	823.66	82.4	10
2002	85.56	78.64	74.54	73.84	84.38	65.23	68.08	74.03	73.43	87.69	76.31	86.55	928.28	77.4	12
2003	71.39	65.06	72.78	77.14	95.11	92.95	86.33	72.94	74.99	79.01	75.55	72.83	936.08	78	12
2005				218.25	161.8	140.67	124.78	152.87	68.55	125	94.6	99.8	1186.32	131.8	9
2006	106.28	116.69	157.05	146.14	124.89	126.4	109.57	112.27	91.19	108.98	92.84		1292.3	117.5	11
2007	87.91	98	105.52	100.92	107.38	87.73	82.9	80	77.51	88.59	90.9	97.69	1105.05	92.1	12
2008	88.14	88.69	91.27	86.95	89.6	84.7	63.84	79.2	72.81	68.85	85.49	88.2	987.74	82.3	12
2009	73.3	85.17	89.82	115.67	137.82	97.48	94.09	82.83	91.75	87.2	69.57	73.07	1097.77	91.5	12
2010	63.3	59.1	68.87	68.35	72.4	70	60.23	62.11	57.9	58.3	55.95	55.35	751.86	62.7	12
2011	58.29	52.91	62.2	60.42		71.63	68.1	61.1	57.47	61.38	57.05	64.7	675.25	61.4	11
2012	61.45	60.85	62.51	62.31	64.63	59.08	76.75	60.04	58.11	63.18	75.22	66.59	770.72	64.2	12
2013	66.79	65.29	68.15	76.62	63.92	58.84	61.51	63.59	62.32	62.76	63.44	65.55	778.78	64.9	12
2014	62.95	61.63	67.6	63.75	58.06	79.56	87.37	82.92	87.89	69.49	60.12	64.26	845.6	70.5	12
2015	59.8	54.21	59.03	60.02	65.1				78.67		59.66	61.1	497.59	62.2	8
2016	59.41	55.95	61.89	64.67	79.96	65.67	101.38	60.91	68.6	67.7	65.31	68.31	819.76	68.3	12
2017	64.16	69.69	63.08	76.47	62.72	67.39	62.97	80.35	71.24	73.65	58.77	57.17	807.66	67.3	12
2018	76.2	64.43	61.13	60.88	64.35	60.67	66.94	63.8	69.9	66.27			654.57	65.5	10
2019						61.21	68.48	62.42	62.75	66.61	60.2	59.03	440.7	63	7
2020	63.75	69.51	69.22	59.8	62.1	58.7	61.2	62	62.38	59.21	59.44	51.39	738.7	61.6	12
2021	62	56.98	63.53	60.91	56.15	50.15	48.03	52.7	53	58.41	46.83	51.95	660.64	55.1	12
2022	36.11	30.5	48.54	33.96	39.2	46.92	39.5	40.41	31.59	36.21	36.71	36.35	456	38	12
2023	42.1	28.9	32.88	31.95	31.53	30.52	47.29	50.11	42.6	61.88	8.09		407.85	37.1	11
2024	131.46	154.6	206.4	210.6	214.8	188.56	140.7	126.9	115.3		139.26	105.2	1733.78	157.6	11
2025	125.2	128.5	190.9	211.9	206	161.7	148	162.7	132	144.4			1611.3	161.1	10
2026	130.3	135.7	167.3										433.3	144.4	3
MÍNIMA	36.11	28.9	32.88	31.95	31.53	30.52	39.5	40.41	31.59	36.21	8.09	36.35	357.94	37.1	3
MÁXIMA	134.9	154.6	206.4	218.25	214.8	188.56	167.9	162.7	138.6	144.4	139.26	116.2	1733.78	161.1	12
MEDIA	89.7	88.6	109.4	112.8	113.1	99.6	99.3	95.7	85.8	92	82.8	82.7	1044.3	97.4	10.9
DESV.ST	27.5	31.8	48.4	54	47.8	38.1	35.4	33.4	28.3	27.9	26.5	20.6	404.9	33.4	2.2

TEMPERATURA MÁXIMA PROMEDIO
AÑO	ENE	FEB	MAR	ABR	MAY	JUN	JUL	AGO	SEP	OCT	NOV	DIC	ACUM	PROM	MESES
1965			26.9	30	30.3	26.5	23	22	23.2	22	23.9	22		25	10
1966	21.7	21.9	23.4	23.8	26.8	26.3	25.7	24.9	24.4	25.3	23.8	21.1		24.1	12
1967	20.6	24.1	24.7	27.2	26.9	26.2	25	23.7	23.3	20.4	17.8	21.3		23.4	12
1968	22.6	21.4	24.4	25.6	25	24.6	23.7	24.5	23.7	23.9	23	23.1		23.8	12
1969	22.5	25.7	26.5	27	28.3	28.2	25.7	23.4	23.3	24.4	16.3	21.5		24.4	12
1970	22.2	22.7	26.7	29.7	26.9	24.9	23.8	24.8	23.4	24.6	23.1	24.4		24.8	12
1971	24.7	24.9	25.9	26.9	28.5	23.1	23.8	24.3	24	24.1	23.6	23.2		24.8	12
1972	22.3	24.3	25	28.9	27.6	26.5	24.1	24.2	24	25.2	24.9	23.7		25.1	12
1973	24.4	26.6	28.5	27.6	27.7	25.4	23.8	22.5	24.1	23.7	23.9	21.2		25	12
1974	23.2	23.7	24.9		27.6	24.3	22.9	25	23.5	23.5	22.6	23.6		24.1	11
1975	22		27.4	29.3	26.3	25	24.1	24	23.9	22.9	24.6	23.2		24.8	11
1976	21.8	23	26.4	26.3	26	25.8	23.3	23.2	24.3	23.1	22.4	23.6		24.1	12
1977	24.8	24.1	27.1	25.2	28.5	25.3	24.8	23.1	24	24.6	20.6	21.9		24.5	12
1978	26	26.5	29	32.8	32.1	29.1	25.1	23.7	28.9	27.7	29.3	26		28	12
1979	26.1	23.5	24.8	25.3	26.8	25.7	25.2	23.9	22	25.7	23.8	22.2		24.6	12
1980	22.9		27.6	26.2	27.1	27.1	26.6	24.9	25.1	26.6	28.9	27.8		26.4	11
1981	28.2	30.3	28.9	36.6	32.6	26.9	20.4	20	24	24.4	23.2	22.4		26.5	12
1982	24.4	24.1	27.6	29	26.7	27.9	24.9	25.6	25.7	24.8	24	23		25.6	12
1983	20.9	22.6	26.3	28.8	30	28.4	24.8	25	24.5	24.6	24	23.7		25.3	12
1984	22.4	23.4	26.6	29.3	25.7	25.2	22.9	23.7	21.5	25.4	23.8	22.9		24.4	12
1985	22.4	24	26.5	25.5	27.5	24.6	24	25.3	24.7	25.3	23.8	22.4		24.7	12
1986	21.4	24.6	25.8	28.3	27	25.3	25.2	25	25.7	24.5	24.4	23.3		25	12
1987	24.3	24.8	25.7	26.1	27.9	25.8	25.4	25.5	26.5	24.2	24.4	23.6		25.4	12
1988	22.6	25.1	24.9	27.8	29.1	25.3	25.6	25.4	23.9	24	25.7	23.4		25.2	12
1996		26.2	28.5	28.4										27.7	3
1997	25.7	27.6	27.3	27.1	27.6	27.6	27.5	27.7	27.2	26.9	27.3	27.6		27.3	12
1998	23.7	24.5	25.3	29.1	35.6	25.1	24	23.3	23.3	24.5	23.8	22.9		25.4	12
1999	24.4	24.7	25.3	28.6	27	25.5	25.3	24.5	23.8	26	24.4	24.1		25.3	12
2000	24.7	23.9	27.1	27.3	27.7	26.6	25.5	25.2	25.6					26	9
2001			25.4	25.8	26.7	25	23.4	23.4	22.8	25.9	23.1	22		24.4	10
2002	27.1	23.9	28	29.1	29.3	26.2	23.9	22.9	24.2	23.4	25.9	23.6		25.6	12
2003	22.4	22.8	27.1	24.2	27.1	23.2	22.9	24	24.8	24.7	25	23		24.3	12
2004	26.8	25.1	28.7	30.2	30.2	26.4	22.5	21.7	22.8	24.9	29.5	20.9		25.8	12
2005	23.4	25.2	26.4	24	30.7	29.7	24.5	27.7	27.9	26.8	27.3	25.4		26.6	12
2006	24.2	28	29.3	31.4	29.9	28.3	27.3	27.7	27.5	26.6	25.4	25.4		27.6	12
2007	25.3	27.2	28.6	27.5	28.6	27.9	26.3	26.1	24	23.6	21.6	22.4		25.8	12
2008	23.3	26.1	25.9	28.7	28.9	26.1	24.9	26.1	25	25.5	24.8	24.3		25.8	12
2009	23.9	27.9	30	31	30	29.6	28.9	27.7	25.9	26.6	23.7	23.6		27.4	12
2010	20.6	21.8	27.5	29.1	31	29.6	27	26.1	25.7	27	24.3	22.8		26	12
2011	23.8	25.1	28.3	30	30.9	28.4	25.5	26.7	25.8	24.4	23.6	23.2		26.3	12
2012	23.1	22.6	26.7	28.1	29.6	27.7	24.9	25.9	26.7	26.7	24.6	24.2		25.9	12
2013	22.4	27.5	26	29.7	28.9	27.2	26	25.3	23.6	24.3	23.4	24.1		25.7	12
2014	22.8	26.6	27.9	28.8	26.2	24.5	24.7	25.1	24.1	23.6	23.7	22.4		25	12
2015	21.6	23.5	24.3	28.1	26.1				24.3		24.8	23.6		24.5	8
2016	21.3	22.1	23.6	29.1	29.5	24.6	24.7	25.3	24.7	24.1	21.8	23.6		24.5	12
2017	23.4	25	26.2	27.4	28.1	26.4	23.7	25.4	23.1	23.2	24.3	22.9		24.9	12
2018	21.4	24.9	27.9	26.3	27.6	24.6	24.8	23.4	24.3	23	23	22.6		24.5	12
2019	22.6	24.5	27.5	28.3	29	25.9	20.3	18.6	18.2	18	15.3	10.8		21.6	12
2020	11.2	12.3	13.9	17.1	16.5	17.1	16.9	16.8	16.9	13.2	11	10.3		14.4	12
2021	10.6	14.3	13.8	15.3	14	12.7	15.1	16.4	16.2	15.4	12.7	11		14	12
2022	10.9	9.9	11.9	14.8	17.7	16.4	17.7	16.8	16.4	16.2	13.3	10.5		14.4	12
2023	9.3	9.7	12.7	15.3	16.2	17.3	17.9	18.1	16.8	17	15.3			15.1	11
2024	25.4	28.5	31.1	30.6	33.1	29.5	25.3	26.1	25.9		29.6	28		28.5	11
2026	27	30	27.4											28.1	3
MÍNIMA	9.3	9.7	11.9	14.8	14	12.7	15.1	16.4	16.2	13.2	11	10.3		14	3
MÁXIMA	28.2	30.3	31.1	36.6	35.6	29.7	28.9	27.7	28.9	27.7	29.6	28		28.5	12
MEDIA	22.5	23.9	25.8	27.2	27.6	25.5	24	24	23.8	23.8	23.1	22.4		24.6	11.4
DESV.ST	3.9	4.2	4	4	3.9	3.3	2.6	2.7	2.7	3	4	3.8		3.2	1.8

TEMPERATURA MÁXIMA EXTREMA
AÑO	ENE	FEB	MAR	ABR	MAY	JUN	JUL	AGO	SEP	OCT	NOV	DIC	ACUM	PROM	MESES
1965			30	31.5	32	33	26	24	27	26	26	27		28.2	10
1966	25	27	28	29.5	35	30	27	27	28	29	26	26		28.1	12
1967	25	28	29	32	32	30	28	27.5	27	25	25	25		27.8	12
1968	25	27	29	29	29.5	29	27	29	27	26.5	28	26		27.7	12
1969	27	29	30	30	31	31.5	29	26	27	31	20	25		28	12
1970	26	25	32	32	30	30	29	27	26	27	26	26		28	12
1971	27	27	29	32	31	28	26	27	27	27	27	26		27.8	12
1972	26	27	27	30	30	29	27	25	26	27	28	27		27.4	12
1973	29	29	31	32	33	31	26	26	26	26	29	24		28.5	12
1974	25	26	29		31	29	27	26	26	31	26	26		27.5	11
1975	27		30	31	31	27	27	26	26	27	27	26		27.7	11
1976	24	26	28	29	30	29	25	26	26	26	25	26		26.7	12
1977	27	26	32	31	31	28	30	28	28	30	24	31		28.8	12
1978	32	32	34	37	38	34	32	30	33	31.5	31	31		33	12
1979	31	28	31	30	31	31	28	28	27	29	28	29.5		29.3	12
1980	28		32	31	34	31.5	30.5	28.5	32	29	33	36		31.4	11
1981	31.5	34	34	38.5	33.5	30	27	26	28.5	27	25	25.5		30	12
1982	29.5	27	31	32	31	33	27	29	29	27	27	27		29.1	12
1983	26	28	31	33	34	31	29	28	29	28	29	26		29.3	12
1984	25	27	31	32	30	29	25	26	27	29	26	25		27.7	12
1985	25	27	30	30	32	29	27	28	27	29	27	26		28.1	12
1986	25	28	30	31	32	28	29	28	28	28	29	26		28.5	12
1987	29	29	31	30	29	29	29	27	29	27	26	26		28.4	12
1988	26	29	29	33	32	30	28	35	27	28	27	29		29.4	12
1996		30	30	29.5										29.8	3
1997	27.5	28.5	28.5	29	29.5	28.5	28.5	29.5	28.5	28	28	28.5		28.5	12
1998	25.5	26.5	26.5	32.5	38	27.5	26	26.5	25	26	25.5	25.5		27.6	12
1999	27	26.5	27.5	31.5	29.5	27.5	27.5	27	26	28	27.5	27		27.7	12
2000	28.5	27.5	29	29	30	29	27	27	27					28.2	9
2001			29	28	28.5	27	25	26	27	28	26	26		27	10
2002	30	26	32	30	32	29	29	28	29	28	32	27		29.3	12
2003	26	26	29	27	29	28	26	27	27	27	27	26		27.1	12
2004	29	27.5	30	31.5	32.5	28.5	27	26.5	27	29	32	27		29	12
2005	26	27	28	26.5	33	35	28	34	32	31	30	30		30	12
2006	29	32	35	33	33	31	30	32	31	32	31	28		31.4	12
2007	29	32	33	33	32	33	29	30	27	29	28	29		30.3	12
2008	26	31	31	34	34	31	28	29	29	29	30	27		29.9	12
2009	29	31	34	34	36	34	32	31	30	32	27	28		31.5	12
2010	28	27	32	32	35	33	30	30	28	35	29	25		30.3	12
2011	27	28	32	33	33	34	29	33	30	27	26	26		29.8	12
2012	27	29	33	32	34	33	28	29	29	29	29	27		29.9	12
2013	27	32.5	31	33	33	32	29	29	28	28	28	27		29.8	12
2014	27	29	31	33	31	28	29	28	27	27	28	27		28.8	12
2015	26	29	29	33	30				29		28	27		28.9	8
2016	29	28	30	32	33	28	28	28	28	27	26	27		28.7	12
2017	28	29	29	32	32	30	28	30	28	26	28	28		29	12
2018	25	28	31	30	34	32	30	26	27	27	26	27		28.6	12
2019	26	30	31	33	32	30	28	27	23	24	20	15		26.6	12
2020	16	17	17	22	22	22	20	20	20	22	14	13		18.8	12
2021	14	20	20	26	20	18	19	18	19	19	17	15		18.8	12
2022	14	12	15	19	27	20	22	20	19	19	18	14		18.2	12
2023	12	19	16	18	21	21	21	21	20	21	21			19.2	11
2024	30	33	35	34	35	35	31	28	29		33	32		32.3	11
2026	31	34	31											32	3
MÍNIMA	12	12	15	18	20	18	19	18	19	19	14	13		18.2	3
MÁXIMA	32	34	35	38.5	38	35	32	35	33	35	33	36		33	12
MEDIA	26.3	27.6	29.5	30.7	31.4	29.5	27.5	27.4	27.2	27.5	26.7	26.1		28.2	11.4
DESV.ST	4.1	3.9	4.1	3.6	3.4	3.5	2.6	3.1	2.9	3	3.8	4.1		3	1.8

TEMPERATURA MÍNIMA PROMEDIO
AÑO	ENE	FEB	MAR	ABR	MAY	JUN	JUL	AGO	SEP	OCT	NOV	DIC	ACUM	PROM	MESES
1965			5.3	6.4	9.1	10.3	11	10.8	10.1	7.6	3.6	3.8		7.8	10
1966	3	3.6	5	6.1	8.4	10.9	10.8	10.1	11	5.8	2.2	2.9		6.7	12
1967	0.1	1.4	4	6.2	10.4	10.6	9.1	10.6	9.6	4.9	2.6	0.8		5.9	12
1968	0.6	0	3.6	6.8	6.6	10.2	10.1	9.6	10.8	6.6	3	4.4		6	12
1969	0	2.4	7	5.4	6.7	9.6	10.9	10.4	10.9	8.4	4.3	1.9		6.5	12
1970	0.5	1.9	3.9	6.7	7.6	8.9	10.4	10.4	10.3	7.1	0.4	-0.1		5.7	12
1971	1.6	1.5	5.1	4.9	7.3	9.1	9.5	9.8	10.1	8.4	3.3	2.7		6.1	12
1972	0.9	1.1	3.6	7.1	8.9	10.2	10.4	10.4	10.2	9.6	7.7	2.6		6.9	12
1973	0.3	3.1	6.3	8.3	10.2	10.1	10.2	10.9	10.6	9.5	5.6	1.7		7.2	12
1974	2.3	2.3	3.8		8.8	11.2	9.5	9.1	9.4	9.1	4.2	2.1		6.5	11
1975	2.3		4.6	7.7	9.9	10.4	10	10	8.4	7.6	2.9	0.6		6.8	11
1976	0.9	-1.1	5.4	6.6	8.5	10.5	10.8	10.3	11.3	10	7	4.6		7.1	12
1977	2	3.2	5.7	6.3	8.6	10.7	10.3	9.8	9.4	7.6	5.8	3.2		6.9	12
1978	1.9	2.3	2.6	6.1	7	9.7	9.3	10.3	8.7	9.7	7.6	7.3		6.9	12
1979	4.9	5.1	5.7	7.6	8.5	9.5	10.8	10.9	10.8	7.6	6.6	5.7		7.8	12
1980	-1.2		7.4	8	9.7	9.9	10	11.3	10.8	7.7	6.8	7.6		8	11
1981	6.7	5.5	8.2	8.6	4.3	10.2	11	11	11.2	10.5	3.1	3.1		7.8	12
1982	2	3.2	5.8	8.7	10.9	10.5	10.4	10.5	11.3	9.2	4.9	5.1		7.7	12
1983	3.8	2.3	4.1	7.3	11.9	11.9	12.7	12.1	12.4	10	7.3	4.5		8.4	12
1984	3.9	5.3	6.6	8.5	10.2	12	11.7	11	11.8	9.5	4.7	3.4		8.2	12
1985	3.4	4.4	6.6	7.9	9.8	11.7	11	10.7	10	8.4	4.4	3.4		7.6	12
1986	0.8	3.2	3.2	8.4	11.2	12.4	9.9	10.6	10.8	9.7	7.1	4.9		7.7	12
1987	2.1	5.1	6.2	8.8	9.1	12.4	12.6	11.8	11.7	5.8	5.3	4.8		8	12
1988	2.6	5	7.6	9.1	9.8	12.4	11.8	11.5	10.1	8.9	4.8	3.9		8.1	12
1996		9.4	11	11.6										10.7	3
1997	8.9	9.7	10.3	10.7	11.1	12.1	12.2	11.8	11.4	11.5	10.8	11		11	12
1998	14	14.7	14.9	15.2	17.5	13.5	12.8	12.8	11.2	14.6	10.9	8.5		13.4	12
1999	9.2	9	9.8	11.4	12	12	12.2	10.5	12	10.6	9.8	9.8		10.7	12
2000	11.4	10.1	10.4	11.1	10.7	11.2	11.4	11.5	10.8					11	9
2001			7.9	11.9	14.2	13.5	12.3	12.3	11.7	9.9	9	8.2		11.1	10
2002	10.1	7.1	8.2	13.5	15.7	11.8	11.5	10.6	12.5	11.3	10.2	15.6		11.5	12
2003	15	13.5	12.9	12.4	12.9	15.2	16.4	15.4	15.2	15.9	17.1	16.1		14.8	12
2004	16	13.7	11	12.5	16.5	9	6.8	10.2	9.1	8	10.8	2.5		10.5	12
2005	0.2	7.4	8.9	10.4	11.5	13.6	12.8	12.8	12	11.7	8.3	9.1		9.9	12
2006	5.9	6.7	8.2	10.3	10.7	11.3	11.6	11.5	12.2	11.8	6.9	2.4		9.1	12
2007	4.3	5	6.1	8.5	9.6	11	10.2	10.7	11.6	7.5	6.5	6.4		8.1	12
2008	2.4	4	7	9.3	9.9	11.9	10.9	10.9	11.5	8.8	3.6	1.1		7.6	12
2009	2.9	3.2	5.5	8	10.7	11	11	11.5	11.4	9.8	6	5.1		8	12
2010	4.6	4.7	5	7.2	9.7	11	10.5	10.3	11.4	6.2	2.9	0.6		7	12
2011	2.2	4	5.1	9	10.5	11.5	12	11.2	10.1	6.9	6	2.2		7.6	12
2012	3.6	6	6	6.8	10.3	10.4	10.7	10.7	10.1	8	6.1	3		7.6	12
2013	3.5	3.7	5.5	8.7	10	11	11	11.1	11.9	10.1	8.8	5.5		8.4	12
2014	2.8	4.8	7.1	9	10.2	12.3	10.9	10.9	11.5	10.5	7.1	6.1		8.6	12
2015	4.8	5.5	8.4	10.2	10.8				11.6		9.2	6.8		8.4	8
2016	7.4	7.7	9.7	9.7	11.6	12.4	12.2	12	12.2	10.6	8.9	7.4		10.2	12
2017	3.4	5.3	7.2	8.8	10.9	12.3	11.3	12.2	12.1	10.1	5.9	2.8		8.5	12
2018	3.1	7.1	8	10	10.9	12.1	10.6	11.9	12	11.1	7.4	4.2		9	12
2019	4.6	6.4	8.5	9.7	11.4	13	11.6	11.5	12.3	12.2	9.2	5.2		9.6	12
2020	5	6.8	8.9	11.2	11.4	12	11.9	11.9	11.8	7.8	6.4	5.3		9.2	12
2021	5.5	8.6	7.5	9.4	8.8	7.9	9.7	11.1	11.1	10.3	6.5	4.4		8.4	12
2022	5.3	5.8	6.8	9.6	11.5	11.2	11.9	11.2	11.5	11	8	5.1		9.1	12
2023	4.4	5.3	7.5	10.1	11.4	13	13.3	12.9	12.2	12.6	10.3			10.3	11
2024	8.7	7.8	10.6	13	15.3	15	14.1	13.8	14.4		8.2	6.9		11.6	11
2026	6.8	7.2	9.1											7.7	3
MÍNIMA	-1.2	-1.1	2.6	4.9	4.3	7.9	6.8	9.1	8.4	4.9	0.4	-0.1		5.7	3
MÁXIMA	16	14.7	14.9	15.2	17.5	15.2	16.4	15.4	15.2	15.9	17.1	16.1		14.8	12
MEDIA	4.3	5.4	7	9	10.4	11.3	11.1	11.2	11.2	9.3	6.6	4.9		8.5	11.4
DESV.ST	3.9	3.3	2.5	2.2	2.4	1.5	1.4	1.1	1.2	2.2	2.9	3.4		1.9	1.8

TEMPERATURA MÍNIMA EXTREMA
AÑO	ENE	FEB	MAR	ABR	MAY	JUN	JUL	AGO	SEP	OCT	NOV	DIC	ACUM	PROM	MESES
1965			3.5	2.5	6	8	9	8	7	1	0	0		4.5	10
1966	-4	0	1	4	5	6	8	7	6	2	-5	-4		2.2	12
1967	-8	-4	1	2	7	4.5	6	7	5	1	-2	-4.5		1.2	12
1968	-4.5	-4	-2	3.5	3	6	7	5	7	-2	-1	-1		1.4	12
1969	-3	-1	3	1	3	7	8	8	8	2	-1	-4		2.6	12
1970	-5	-3	1	3	2	6	7	7	7	5	-4	-5		1.8	12
1971	-2	-1	1	1	5	6	7	7	8	1	1	-1		2.8	12
1972	-3	-3	2	2	7	7	7	8	8	3	4	-3		3.2	12
1973	-6	-1	4	2	8	7	8	7	7	6	0	-3		3.2	12
1974	0	-3	-2		6	8	6	7	-1	4	0	-2		2.1	11
1975	-5		3	5	7	9	8	8	2	1	-2	-3		3	11
1976	-3	-7	1	4	6	8	8	7	6	8	4	-2		3.3	12
1977	-1	1	1	1	5	5	8	7	7	4	2	1		3.4	12
1978	-2	1	1	4	4	5	5	5	5	5	2	2		3.1	12
1979	2	3	4	5	6	5	8	8	7	5	3	3		4.9	12
1980	-7		4	5	6	5	4	9	5	4	2	3		3.6	11
1981	3.5	2	4.5	4	2	7	3	4	8	5	-2	-5		3	12
1982	-3	-3	-3	3	7	7	6	8	6	3	0	-3		2.3	12
1983	-2	-1	-1	3	8	8	9	10	7	4	2	1		4	12
1984	-1	2	3	5	7	7	9	8	8	6	1	-1		4.5	12
1985	-1	1	4	3	6	10	8	8	7	4	1	1		4.3	12
1986	-5	-1	0	5	7	9	8	8	7	3	1	0		3.5	12
1987	-4	-1.5	1	5	7	9	10	10	8	2	0	1		4	12
1988	-2	-1	3	5	8	11	9	8	4	4	2	1		4.3	12
1996		6	8	11										8.3	3
1997	7.5	9	9	9	9	11	10.5	10.5	10.5	10.5	10	10.5		9.8	12
1998	11	13	13.5	14	15	11.5	11	11	9.5	13	9	6.5		11.5	12
1999	6	7.5	8	9	10	10	10	9	10	9	8	6.5		8.6	12
2000	9	8	8	9	8	9.5	10	10	8					8.8	9
2001			5	10	12	11	11	10	10	7	6	5		8.7	10
2002	6	4	6	9	12	10	8	8	9	6	8	8		7.8	12
2003	12	10	10	9	10	12	13	12	13	14	14	12		11.8	12
2004	13	10	7.5	10	14	5	4	6	7	1.5	8	-4		6.8	12
2005	-3	4.5	7.5	4.5	9	10	10	10	9	6	4	4		6.3	12
2006	-2	3	5	7	8	8	10	10	9	4	1	0.5		5.3	12
2007	1	1	2	3	6	7	8	8	7	1	1	2		3.9	12
2008	-2	1	4	7	6	9	4	9	9	2	0	-2		3.9	12
2009	-1	-1	1	5	7	9	9	9	9	8	3	-1		4.8	12
2010	-1	-1	1	5	6	9	8	8	5	3	-3	-3		3.1	12
2011	-1	-1	2	7	9	8	8	9	2	0	-2	-2		3.2	12
2012	-3	3	3	2	7	8	8	1	7	4	2	1		3.6	12
2013	1	1	0	6	6	10	9	8	9	4	5	1		5	12
2014	-1	1	3	7	6	10	8	9	8	6	0	3		5	12
2015	1	1	6	8	9				9		7	3		5.5	8
2016	-2	-2	7	7	8	9	9	10	10	7	4	3		5.8	12
2017	1	1	3	6	7	9	8	8	7	4	1	-2		4.4	12
2018	0	4	4	6	9	9	8	9	10	2	2	-1		5.2	12
2019	0	2	6	6	8	10	9	9	10	10	6	2		6.5	12
2020	1	3	5	7	7	10	9	10	7	3	4	1		5.6	12
2021	0	3	3	5	5	5	6	6	8	7	3	1		4.3	12
2022	2	2	4	7	9	8	9	8	8	8	5	2		6	12
2023	1	2	5	6	8	10	9	11	9	9	7			7	11
2024	5	5	8	10	12	13	12	12	12		4	4		8.8	11
2026	5	3	6											4.7	3
MÍNIMA	-8	-7	-3	1	2	4.5	3	1	-1	-2	-5	-5		1.2	3
MÁXIMA	13	13	13.5	14	15	13	13	12	13	14	14	12		11.8	12
MEDIA	0	1.6	3.7	5.6	7.3	8.3	8.1	8.2	7.5	4.7	2.5	0.7		4.9	11.4
DESV.ST	4.7	4	3.2	2.8	2.6	2.1	2	2	2.4	3.3	3.8	3.8		2.4	1.8

TEMPERATURA MEDIA MENSUAL
AÑO	ENE	FEB	MAR	ABR	MAY	JUN	JUL	AGO	SEP	OCT	NOV	DIC	ACUM	PROM	MESES
1965			16.1	18.2	19.7	18.4	17	16.4	16.6	14.8	13.8	12.9		16.4	10
1966	12.3	12.8	14.2	14.9	17.6	18.6	18.2	17.5	17.7	15.6	13	12		15.4	12
1967	10.4	12.8	14.3	16.7	18.6	18.4	17	17.1	16.4	12.6	10.2	11.1		14.6	12
1968	11.6	10.7	14	16.2	15.8	17.4	16.9	17	17.2	15.2	13	13.8		14.9	12
1969	11.2	14	16.8	16.2	17.5	18.9	18.3	16.9	17.1	16.4	10.3	11.7		15.4	12
1970	11.3	12.3	15.3	18.2	17.2	16.9	17.1	17.6	16.9	15.9	11.8	12.1		15.2	12
1971	13.2	13.2	15.5	15.9	17.9	16.1	16.6	17	17	16.2	13.5	12.9		15.4	12
1972	11.6	12.7	14.3	18	18.2	18.4	17.2	17.3	17.1	17.4	16.3	13.2		16	12
1973	12.3	14.9	17.4	18	19	17.8	17	16.7	17.4	16.6	14.8	11.4		16.1	12
1974	12.8	13	14.3		18.2	17.8	16.2	17	16.4	16.3	13.4	12.9		15.3	11
1975	12.2		16	18.5	18.1	17.7	17	17	16.1	15.2	13.8	11.9		15.8	11
1976	11.3	10.9	15.9	16.4	17.2	18.1	17	16.8	17.8	16.6	14.7	14.1		15.6	12
1977	13.4	13.7	16.4	15.8	18.6	18	17.6	16.5	16.7	16.1	13.2	12.5		15.7	12
1978	13.9	14.4	15.8	19.4	19.6	19.4	17.2	17	18.8	18.7	18.4	16.6		17.4	12
1979	15.5	14.3	15.2	16.4	17.6	17.6	18	17.4	16.4	16.6	15.2	13.9		16.2	12
1980	10.8		17.5	17.1	18.4	18.5	18.3	18.1	18	17.2	17.8	17.7		17.2	11
1981	17.4	17.9	18.5	22.6	18.4	18.5	15.7	15.5	17.6	17.4	13.2	12.8		17.1	12
1982	13.2	13.7	16.7	18.9	18.8	19.2	17.6	18	18.5	17	14.4	14.1		16.7	12
1983	12.3	12.5	15.2	18	21	20.1	18.8	18.6	18.4	17.3	15.7	14.1		16.8	12
1984	13.1	14.3	16.6	18.9	18	18.6	17.3	17.4	16.6	17.4	14.2	13.1		16.3	12
1985	12.9	14.2	16.6	16.7	18.6	18.1	17.5	18	17.4	16.9	14.1	12.9		16.2	12
1986	11.1	13.9	14.5	18.4	19.1	18.9	17.6	17.8	18.2	17.1	15.8	14.1		16.4	12
1987	13.2	14.9	15.9	17.5	18.5	19.1	19	18.6	19.1	15	14.8	14.2		16.6	12
1988	12.6	15.1	16.2	18.4	19.5	18.9	18.7	18.4	17	16.4	15.2	13.6		16.7	12
1996		17.8	19.8	20										19.2	3
1997	17.3	18.6	18.8	18.9	19.4	19.9	19.9	19.8	19.3	19.2	19	19.3		19.1	12
1998	18.9	19.6	20.1	22.1	26.6	19.3	18.4	18	17.2	19.6	17.4	15.7		19.4	12
1999	16.8	16.9	17.6	20	19.5	18.8	18.8	17.5	17.9	18.3	17.1	17		18	12
2000	18	17	18.8	19.2	19.2	18.9	18.4	18.4	18.2					18.5	9
2001			16.6	18.9	20.4	19.2	17.9	17.9	17.2	17.9	16	15.1		17.7	10
2002	18.6	15.5	18.1	21.3	22.5	19	17.7	16.8	18.4	17.4	18	19.6		18.6	12
2003	18.7	18.1	20	18.3	20	19.2	19.6	19.7	20	20.3	21	19.6		19.5	12
2004	21.4	19.4	19.9	21.4	23.4	17.7	14.7	15.9	15.9	16.4	20.1	11.7		18.2	12
2005	11.8	16.3	17.6	17.2	21.1	21.6	18.6	20.2	20	19.2	17.8	17.2		18.2	12
2006	15.1	17.4	18.8	20.9	20.3	19.8	19.4	19.6	19.9	19.2	16.1	13.9		18.4	12
2007	14.8	16.1	17.4	18	19.1	19.4	18.2	18.4	17.8	15.6	14.1	14.4		16.9	12
2008	12.8	15.1	16.4	19	19.4	19	17.9	18.5	18.2	17.1	14.2	12.7		16.7	12
2009	13.4	15.5	17.8	19.5	20.4	20.3	20	19.6	18.6	18.2	14.8	14.4		17.7	12
2010	12.6	13.2	16.2	18.2	20.4	20.3	18.8	18.2	18.6	16.6	13.6	11.7		16.5	12
2011	13	14.6	16.7	19.5	20.7	20	18.8	19	18	15.6	14.8	12.7		17	12
2012	13.4	14.3	16.4	17.4	20	19	17.8	18.3	18.4	17.4	15.4	13.6		16.8	12
2013	12.9	15.6	15.8	19.2	19.4	19.1	18.5	18.2	17.8	17.2	16.1	14.8		17	12
2014	12.8	15.7	17.5	18.9	18.2	18.4	17.8	18	17.8	17	15.4	14.2		16.8	12
2015	13.2	14.5	16.4	19.1	18.5				18		17	15.2		16.5	8
2016	14.4	14.9	16.6	19.4	20.6	18.5	18.4	18.6	18.4	17.4	15.4	15.5		17.3	12
2017	13.4	15.2	16.7	18.1	19.5	19.4	17.5	18.8	17.6	16.6	15.1	12.8		16.7	12
2018	12.2	16	18	18.1	19.2	18.4	17.7	17.6	18.1	17	15.2	13.4		16.7	12
2019	13.6	15.4	18	19	20.2	19.4	15.9	15.1	15.2	15.1	12.2	8		15.6	12
2020	8.1	9.6	11.4	14.2	13.9	14.6	14.4	14.4	14.3	10.5	8.7	7.8		11.8	12
2021	8.1	11.4	10.7	12.4	11.4	10.3	12.4	13.8	13.6	12.9	9.6	7.7		11.2	12
2022	8.1	7.8	9.3	12.2	14.6	13.8	14.8	14	13.9	13.6	10.7	7.8		11.7	12
2023	6.9	7.5	10.1	12.7	13.8	15.2	15.6	15.5	14.5	14.8	12.8			12.7	11
2024	17	18.1	20.9	21.8	24.2	22.2	19.7	20	20.1		18.9	17.4		20	11
2026	16.9	18.6	18.2											17.9	3
MÍNIMA	6.9	7.5	9.3	12.2	11.4	10.3	12.4	13.8	13.6	10.5	8.7	7.7		11.2	3
MÁXIMA	21.4	19.6	20.9	22.6	26.6	22.2	20	20.2	20.1	20.3	21	19.6		20	12
MEDIA	13.4	14.6	16.4	18.1	19	18.4	17.6	17.6	17.5	16.6	14.8	13.7		16.6	11.4
DESV.ST	2.9	2.7	2.4	2.2	2.4	1.9	1.5	1.4	1.4	1.8	2.6	2.7		1.8	1.8
